Time,IRSensor,XAxis,YAxis,ZAxis,Velocity,acc_1D
84.494,3.374054598,-0.00142438,0.006294519,-0.018903571,9.373056995,-0.062348324
84.494,3.379148112,-0.003975339,0.011309103,-0.013757977,9.373056995,-0.060141543
84.494,3.381694869,-0.003979853,0.013777712,-0.013708072,9.373056995,-0.059652115
84.495,3.379148112,-0.003985497,0.011153099,-0.006018256,9.373056995,-0.057232304
84.496,3.379148112,-0.00399227,0.011077075,0.001670089,9.373056995,-0.052685232
84.496,3.379148112,-0.00400017,0.008455124,0.01190406,9.373056995,-0.037478378
84.496,3.379148112,-0.001461619,0.008381768,0.014495146,9.373056995,-0.031027074
84.497,3.379148112,-0.004019326,0.008309756,0.019631823,9.373056995,-0.025459688
84.498,3.376601355,-0.001483005,0.003144564,0.02476695,9.373056995,-0.021702946
84.498,3.374054598,0.001052214,0.003075226,0.022259126,9.373056995,-0.018562302
84.498,3.374054598,-0.004056383,0.000459963,0.019749708,9.373056995,-0.021963994
84.499,3.371507841,-0.001523362,-0.007248468,0.024880059,9.373056995,-0.017959663
84.5,3.371507841,-0.001538992,-0.012408273,0.017273155,9.373056995,-0.034942614
84.5,3.366414326,0.003539416,-0.009924911,0.009664621,9.373056995,-0.033901966
84.5,3.366414326,-0.00157357,-0.009987393,0.009695806,9.373056995,-0.041941477
84.501,3.366414326,-0.00414007,-0.007501186,0.012272471,9.373056995,-0.039636041
84.502,3.366414326,-0.006707647,-0.002466291,0.012300332,9.373056995,-0.036758669
84.502,3.366414326,-0.009276301,2.28e-05,0.012326512,9.373056995,-0.036394437
84.502,3.366414326,-0.00420329,-3.4e-05,0.012350986,9.373056995,-0.03043351
84.503,3.374054598,-0.006774059,-8.95e-05,0.012373744,9.373056995,-0.030546546
84.504,3.371507841,-0.009345878,-0.000143468,0.020036138,9.373056995,-0.022812567
84.504,3.371507841,-0.00172845,0.004898444,0.020055415,9.373056995,-0.012228156
84.504,3.374054598,0.000792803,0.012489025,0.027714319,9.373056995,0.001168522
84.505,3.366414326,0.010955763,0.025175529,0.02773009,9.373056995,0.028072057
84.506,3.374054598,0.010927411,0.032768922,0.022649828,9.373056995,0.031823469
84.506,3.368961083,0.010898049,0.037816464,0.022662028,9.373056995,0.036586472
84.506,3.371507841,0.015962823,0.037770879,0.022672424,9.373056995,0.043498946
84.507,3.371507841,0.010836313,0.035179426,0.012492489,9.373056995,0.028852177
84.508,3.379148112,0.008256398,0.024947597,0.007404964,9.373056995,0.016840487
84.508,3.376601355,0.005675493,0.019811684,0.004862726,9.373056995,0.012583524
84.508,3.379148112,0.003093617,0.019771683,-0.002775616,9.373056995,0.003749678
84.509,3.379148112,0.005605922,0.017185799,-0.007868703,9.373056995,0.010362426
84.51,3.379148112,0.005569682,0.001865001,-0.010416524,9.373056995,0.00425611
84.51,3.371507841,0.000437364,-0.005812677,-0.012966234,9.373056995,-0.001817618
84.511,3.371507841,0.002946854,-0.016036265,-0.028253466,9.373056995,-0.0168529
84.511,3.371507841,0.000360309,-0.023711239,-0.033354099,9.373056995,-0.02661554
84.512,3.371507841,-0.00222713,-0.028837593,-0.030815256,9.373056995,-0.031937589
84.512,3.374054598,-0.004815445,-0.033962591,-0.035919711,9.373056995,-0.035777346
84.512,3.374054598,-0.012499765,-0.041633504,-0.03083758,9.373056995,-0.037096159
84.513,3.374054598,-0.015089787,-0.046755819,-0.028304505,9.373056995,-0.031734605
84.514,3.371507841,-0.017680669,-0.051876801,-0.033414756,9.373056995,-0.035354694
84.514,3.371507841,-0.017724824,-0.054449195,-0.035979824,9.373056995,-0.0342008
84.514,3.371507841,-0.017769809,-0.051925761,-0.046188204,9.373056995,-0.038014411
84.515,3.366414326,-0.012720457,-0.051948266,-0.046210045,9.373056995,-0.030247754
84.516,3.368961083,-0.007671903,-0.049422209,-0.048780942,9.373056995,-0.03374739
84.516,3.366414326,-0.005171712,-0.049442111,-0.04880664,9.373056995,-0.030805606
84.517,3.371507841,-0.00267229,-0.046913469,-0.048834271,9.373056995,-0.029546643
84.517,3.371507841,-0.002721189,-0.05711982,-0.048863835,9.373056995,-0.040004551
84.518,3.374054598,0.00232434,-0.067324892,-0.041253953,9.373056995,-0.034878876
84.518,3.371507841,0.004821581,-0.069886897,-0.033645974,9.373056995,-0.031461984
84.518,3.371507841,0.002222999,-0.074994865,-0.031134156,9.373056995,-0.037478332
84.519,3.371507841,-0.000376272,-0.07500701,-0.028624232,9.373056995,-0.039296668
84.52,3.371507841,0.00211893,-0.07247062,-0.026116168,9.373056995,-0.032096024
84.52,3.379148112,0.002065908,-0.069932952,-0.023609962,9.373056995,-0.019051573
84.52,3.376601355,0.007107387,-0.064846751,-0.033841234,9.373056995,-0.016621925
84.521,3.379148112,0.00705309,-0.062306537,-0.033885854,9.373056995,-0.015433072
84.522,3.376601355,0.004450608,-0.057217805,-0.039026571,9.373056995,-0.019837773
84.522,3.371507841,0.004395104,-0.054675083,-0.036527743,9.373056995,-0.024321223
84.523,3.371507841,-0.003303694,-0.044489367,-0.041672119,9.373056995,-0.030369625
84.523,3.371507841,-0.000812755,-0.029207919,-0.041724068,9.373056995,-0.016892531
84.524,3.371507841,-0.000869901,-0.013925276,-0.034136441,9.373056995,-0.000239256
84.524,3.371507841,-0.000927565,0.006453072,-0.029097713,9.373056995,0.015669866
84.524,3.363867569,-0.003533286,0.019190821,-0.013872252,9.373056995,0.027802083
84.525,3.366414326,-0.001044329,0.034476994,-0.00374281,9.373056995,0.044739522
84.526,3.368961083,-0.001103422,0.04466983,0.008932005,9.373056995,0.062894062
84.526,3.366414326,0.001384628,0.057411089,0.019057989,9.373056995,0.079918407
84.526,3.368961083,0.001324679,0.065058981,0.034276527,9.373056995,0.102097752
84.527,3.366414326,0.00126432,0.072707987,0.041852002,9.373056995,0.11657247
84.528,3.366414326,0.001203573,0.077810867,0.051972926,9.373056995,0.129738156
84.528,3.368961083,0.006237596,0.080367595,0.051903699,9.373056995,0.135079759
84.529,3.366414326,0.006176111,0.080378148,0.06202133,9.373056995,0.142732104
84.529,3.371507841,0.011209433,0.080389788,0.067043105,9.373056995,0.148069078
84.53,3.374054598,0.003504554,0.072760727,0.072063284,9.373056995,0.138827409
84.53,3.374054598,-0.001653064,0.065132719,0.074534773,9.373056995,0.130326969
84.53,3.376601355,0.003379324,0.047316695,0.071910453,9.373056995,0.113801426
84.531,3.379148112,-0.001778847,0.044785235,0.074378848,9.373056995,0.112532931
84.532,3.379148112,-0.001842119,0.039707508,0.089581328,9.373056995,0.122414185
84.532,3.376601355,-0.004453192,0.03972527,0.092046672,9.373056995,0.117710976
84.532,3.379148112,-0.012159623,0.044838537,0.102151886,9.373056995,0.121543389
84.533,3.376601355,-0.019866235,0.052500031,0.09951998,9.373056995,0.118168305
84.534,3.379148112,-0.022477874,0.052520704,0.099433736,9.373056995,0.116468006
84.534,3.376601355,-0.022542101,0.047447792,0.09425179,9.373056995,0.108717978
84.535,3.379148112,-0.022606464,0.037281272,0.091615534,9.373056995,0.103425486
84.535,3.376601355,-0.015028218,0.024568358,0.083883603,9.373056995,0.099952893
84.536,3.379148112,-0.015092797,0.024592611,0.073603143,9.373056995,0.099182724
84.536,3.371507841,-0.020252592,0.00423962,0.068415546,9.373056995,0.074369665
84.536,3.371507841,-0.012674583,0.001718253,0.060679454,9.373056995,0.068315662
84.537,3.371507841,-0.012739333,-0.003349557,0.050394918,9.373056995,0.05270714
84.538,3.371507841,-0.007708967,-0.008416586,0.047750451,9.373056995,0.045624172
84.538,3.366414326,-0.015416495,-0.013482838,0.040010485,9.373056995,0.023685223
84.538,3.363867569,-0.018028873,-0.02364283,0.032269295,9.373056995,0.000349698
84.539,3.366414326,-0.02573637,-0.038896589,0.021979781,9.373056995,-0.033914726
84.54,3.366414326,-0.023253528,-0.043960562,0.009141952,9.373056995,-0.052236453
84.54,3.366414326,-0.02331819,-0.051571047,0.001397231,9.373056995,-0.072480002
84.541,3.366414326,-0.025930346,-0.054086288,-0.008895728,9.373056995,-0.083947123
84.541,3.366414326,-0.020899673,-0.059148084,-0.021736892,9.373056995,-0.090093366
84.542,3.371507841,-0.020964027,-0.061661933,-0.037126229,9.373056995,-0.102528373
84.542,3.374054598,-0.015933086,-0.074364154,-0.044875207,9.373056995,-0.117247792
84.542,3.366414326,-0.013449558,-0.069234896,-0.057719417,9.373056995,-0.125658256
84.543,3.374054598,-0.000775566,-0.064105012,-0.070564565,9.373056995,-0.119821681
84.544,3.371507841,0.004255898,-0.064069026,-0.083410623,9.373056995,-0.129086456
84.544,3.371507841,0.001644855,-0.056390656,-0.091163295,9.373056995,-0.130099647
84.544,3.371507841,0.004129186,-0.053806206,-0.098916786,9.373056995,-0.13293799
84.545,3.374054598,0.001518623,-0.051221173,-0.106671051,9.373056995,-0.147431962
84.546,3.376601355,0.00655105,-0.056277329,-0.11442604,9.373056995,-0.165269257
84.546,3.379148112,0.001393455,-0.056238401,-0.117087477,9.373056995,-0.176467521
84.546,3.379148112,-0.001216264,-0.061293447,-0.117202442,9.373056995,-0.188433151
84.547,3.379148112,-0.001278077,-0.063800685,-0.117318037,9.373056995,-0.195269732
84.548,3.379148112,-0.00388712,-0.058665604,-0.114887091,9.373056995,-0.19048324
84.548,3.379148112,-0.003948216,-0.056077257,-0.104815309,9.373056995,-0.185444745
84.548,3.376601355,-0.004008931,-0.048393878,-0.097291172,9.373056995,-0.17147354
84.549,3.368961083,-0.014259536,-0.040709998,-0.084673255,9.373056995,-0.158437917
84.55,3.371507841,-0.014319432,-0.025383848,-0.072055764,9.373056995,-0.136070893
84.55,3.371507841,-0.009283757,-0.012604494,-0.046703028,9.373056995,-0.09375816
84.55,3.371507841,-0.006795226,0.000175301,-0.02389778,9.373056995,-0.066803798
84.551,3.371507841,-0.006853831,0.007861015,-0.006187095,9.373056995,-0.047815167
84.552,3.363867569,-0.006911972,0.018094375,0.008976182,9.373056995,-0.023959944
84.552,3.371507841,-0.006969625,0.030875396,0.021592091,9.373056995,-0.00237912
84.552,3.363867569,0.003163521,0.053845821,0.036754895,9.373056995,0.031347857
84.553,3.363867569,0.003106883,0.069174813,0.057011768,9.373056995,0.058589695
84.554,3.366414326,0.008145929,0.079409587,0.072174242,9.373056995,0.078133236
84.554,3.366414326,0.013185536,0.084550139,0.08478949,9.373056995,0.09818106
84.554,3.371507841,0.01058297,0.084596441,0.094857547,9.373056995,0.100252953
84.555,3.368961083,0.015623691,0.082095757,0.097284198,9.373056995,0.108550236
84.556,3.371507841,0.018117409,0.071953536,0.094616598,9.373056995,0.11018096
84.556,3.371507841,0.020611715,0.069453317,0.094496168,9.373056995,0.114517287
84.556,3.379148112,0.020559029,0.064406056,0.099470076,9.373056995,0.116209468
84.557,3.379148112,0.025602105,0.072095299,0.101896974,9.373056995,0.129015169
84.558,3.379148112,0.025550658,0.074690238,0.104324024,9.373056995,0.133364779
84.558,3.368961083,0.02295226,0.074738101,0.094015634,9.373056995,0.123804329
84.558,3.371507841,0.020354515,0.074786131,0.088801723,9.373056995,0.110288778
84.559,3.368961083,0.017757432,0.072287032,0.08358808,9.373056995,0.097539445
84.56,3.371507841,0.015161001,0.064693522,0.07582762,9.373056995,0.083588544
84.56,3.371507841,0.010017692,0.057100115,0.068067521,9.373056995,0.074724269
84.56,3.371507841,0.004875088,0.049506784,0.062854927,9.373056995,0.062354207
84.561,3.366414326,0.00228077,0.049555304,0.060189889,9.373056995,0.068855655
84.562,3.366414326,0.002234749,0.039414839,0.057525304,9.373056995,0.067524538
84.562,3.363867569,-0.000358107,0.02672716,0.047219831,9.373056995,0.051577575
84.562,3.366414326,0.007240065,0.014039492,0.042009147,9.373056995,0.048938045
84.563,3.374054598,0.00719627,0.014088107,0.026610518,9.373056995,0.041069853
84.564,3.371507841,0.007153222,0.001400413,0.018853851,9.373056995,0.022331327
84.564,3.371507841,0.007110932,0.001448988,0.011097829,9.373056995,0.018837601
84.564,3.374054598,0.001974254,0.001497535,0.013530986,9.373056995,0.022199429
84.565,3.371507841,-0.003161645,0.006640571,0.010870606,9.373056995,0.017656691
84.566,3.371507841,-0.003201615,0.004141779,0.013305245,9.373056995,0.018061354
84.566,3.368961083,-0.003240796,0.00164291,0.010646446,9.373056995,0.013310173
84.566,3.374054598,0.004363537,-0.005950577,0.005441383,9.373056995,0.009589228
84.567,3.376601355,-0.000769191,-0.013544183,-0.009951283,9.373056995,-0.011340296
84.568,3.379148112,-0.003353541,-0.018590637,-0.020248759,9.373056995,-0.024394716
84.568,3.379148112,0.001705653,-0.021089936,-0.030545229,9.373056995,-0.025073072
84.568,0.149859977,0.004218087,-0.026136607,-0.038293525,9.373056995,-0.032571106
84.569,0.149859977,0.001636209,-0.03882516,-0.048587856,9.373056995,-0.049071564
84.57,0.152406734,-0.000944836,-0.046419301,-0.051239669,9.373056995,-0.05118366
84.57,0.144766462,-0.006072627,-0.061655344,-0.064078813,9.373056995,-0.070906437
84.57,0.144766462,-0.006104433,-0.069249766,-0.064181104,9.373056995,-0.074381583
84.571,0.14731322,-0.006135387,-0.069202595,-0.064282143,9.373056995,-0.074600856
84.572,0.142219705,-0.00871306,-0.066608339,-0.061834744,9.373056995,-0.072378302
84.572,0.144766462,-0.008742302,-0.056372501,-0.059385998,9.373056995,-0.059918133
84.572,0.144766462,-0.011318249,-0.046136863,-0.051841618,9.373056995,-0.049719404
84.573,0.137126191,-0.016440909,-0.028259659,-0.044295834,9.373056995,-0.03398352
84.574,0.137126191,-0.01391999,-0.018024438,-0.029107231,9.373056995,-0.010003493
84.574,0.137126191,-0.019040936,-0.00778944,-0.021558533,9.373056995,-0.000687784
84.574,0.137126191,-0.016518298,-0.000101939,-0.01655544,9.373056995,0.015311951
84.575,0.139672948,-0.024185073,0.005038074,-0.011550796,9.373056995,0.020775671
84.576,0.144766462,-0.026755837,0.012725094,-0.011638845,9.373056995,0.033048594
84.576,0.142219705,-0.019135435,0.012770073,-0.006631045,9.373056995,0.040388213
84.576,0.144766462,-0.0191569,0.007720243,0.003472648,9.373056995,0.043110351
84.577,0.142219705,-0.021725073,0.002670117,0.003389494,9.373056995,0.039301582
84.578,0.149859977,-0.011554524,-0.012569371,0.010949395,9.373056995,0.042397586
84.578,0.152406734,-0.016668556,-0.017620154,0.008322515,9.373056995,0.028996642
84.578,0.149859977,-0.016686587,-0.015029484,0.01333877,9.373056995,0.036861874
84.579,0.152406734,-0.014156194,-0.007344636,0.020903931,9.373056995,0.054175594
84.58,0.144766462,-0.026910417,-0.004754666,0.01828239,9.373056995,0.045861587
84.58,0.142219705,-0.02437834,0.002929442,0.018209795,9.373056995,0.052698931
84.58,0.142219705,-0.024392996,0.008065927,0.020686187,9.373056995,0.061679008
84.581,0.144766462,-0.021859237,0.008107506,0.025711584,9.373056995,0.068809849
84.582,0.142219705,-0.02696737,0.000506937,0.028191775,9.373056995,0.058142131
84.582,0.142219705,-0.024431965,0.000547749,0.02557964,9.373056995,0.054750257
84.582,0.139672948,-0.021895745,0.008229932,0.022969482,9.373056995,0.06021076
84.583,0.134579434,-0.0193587,0.005722663,0.020361304,9.373056995,0.060096041
84.584,0.137126191,-0.021916005,0.003214971,0.022849413,9.373056995,0.048205547
84.584,0.137126191,-0.019377357,0.005801352,0.020245329,9.373056995,0.04416914
84.584,0.144766462,-0.011742772,0.013481824,0.01764332,9.373056995,0.0545665
84.585,0.144766462,-0.009202551,0.018614612,0.020137668,9.373056995,0.061408711
84.586,0.142219705,-0.004113966,0.016105193,0.014992776,9.373056995,0.056754041
84.586,0.144766462,0.011165686,0.011048089,0.007302924,9.373056995,0.049497037
84.586,0.144766462,0.00861309,0.008537823,-0.000384731,9.373056995,0.032630649
84.587,0.149859977,0.016251541,-0.001614647,-0.010617292,9.373056995,0.010571986
84.588,0.152406734,0.01879559,-0.011767556,-0.020847611,9.373056995,-0.005308043
84.588,0.152406734,0.018792815,-0.019373658,-0.025981423,9.373056995,-0.021778364
84.588,0.152406734,0.018790769,-0.019338408,-0.026018702,9.373056995,-0.026833233
84.589,0.152406734,0.013694306,-0.024398127,-0.033695057,9.373056995,-0.044501337
84.59,0.144766462,0.016241286,-0.024363773,-0.041369086,9.373056995,-0.049266259
84.59,3.374054598,0.016241391,-0.024329874,-0.051587916,9.373056995,-0.054704732
84.69,3.381694869,0.013432123,-0.01372219,0.036033117,9.229591837,0.053828162
84.69,3.379148112,0.015931794,-0.008589907,0.036045116,9.229591837,0.065371991
84.69,3.381694869,0.018432025,-0.008551721,0.028412477,9.229591837,0.06030917
84.691,3.376601355,0.020932846,-0.011060381,0.02077658,9.229591837,0.055377199
84.692,3.379148112,0.023434273,-0.013568626,0.010590274,9.229591837,0.043875672
84.692,3.381694869,0.020841204,-0.013529216,0.002947828,9.229591837,0.03718943
84.692,3.374054598,0.013153655,-0.021131181,-0.012339282,9.229591837,0.013792887
84.693,3.371507841,0.010561951,-0.015996454,-0.022535436,9.229591837,0.011818035
84.694,3.374054598,0.007970972,-0.015955856,-0.025093487,9.229591837,0.003467658
84.694,3.371507841,0.002833175,-0.013367618,-0.032749076,9.229591837,-0.004409331
84.694,3.371507841,-0.002303841,-0.008231743,-0.032766576,9.229591837,-0.006691179
84.695,3.366414326,0.000202662,-0.010737274,-0.042975861,9.229591837,-0.014414832
84.696,3.366414326,0.000162417,-0.008147937,-0.0404528,9.229591837,-0.011751216
84.696,3.366414326,0.002670615,-0.010652767,-0.037933011,9.229591837,-0.010463216
84.696,3.368961083,0.002632111,-0.015704498,-0.030322252,9.229591837,-0.007172929
84.697,3.366414326,4.69e-05,-0.013114107,-0.017620503,9.229591837,-0.001561221
84.698,3.366414326,0.005105418,-0.007976105,-0.010016257,9.229591837,0.017618657
84.698,3.366414326,0.002522134,0.002256756,-0.002415269,9.229591837,0.034548802
84.698,3.366414326,-6.02e-05,0.004848174,-0.002458909,9.229591837,0.035784788
84.699,3.371507841,-9.39e-05,0.007439931,-0.002505803,9.229591837,0.040361649
84.7,3.371507841,0.002421058,0.007484745,-0.005103091,9.229591837,0.041666557
84.7,3.371507841,0.002389457,-0.000111902,-0.012797892,9.229591837,0.028363708
84.7,3.374054598,0.002358951,-0.002613741,-0.010307438,9.229591837,0.021652007
84.701,3.371507841,0.002329557,-2.07e-05,-0.002725978,9.229591837,0.032625782
84.702,3.371507841,-0.000246275,0.002572561,0.007399376,9.229591837,0.039546807
84.702,3.379148112,-0.000273356,0.007713427,0.009880113,9.229591837,0.045573206
84.702,3.379148112,-0.005394408,0.015401814,0.014904726,9.229591837,0.05070088
84.703,3.376601355,-0.005419104,0.017995927,0.017379003,9.229591837,0.053652069
84.704,3.371507841,-0.01308527,0.015495765,0.019850064,9.229591837,0.040735904
84.704,3.368961083,-0.010559882,0.015543115,0.027412152,9.229591837,0.050225272
84.704,3.371507841,-0.008033215,0.018137969,0.029876772,9.229591837,0.057876523
84.705,3.366414326,-0.008052838,0.025827586,0.029791054,9.229591837,0.063077963
84.706,3.366414326,-0.010618712,0.030970164,0.034796408,9.229591837,0.072734967
84.706,3.366414326,-0.010635683,0.025923902,0.03470434,9.229591837,0.061178325
84.706,3.363867569,-0.00810371,0.015783325,0.037156242,9.229591837,0.050030267
84.707,3.363867569,-0.005570346,0.010737442,0.034510771,9.229591837,0.04695655
84.708,3.366414326,-0.003035566,0.008239017,0.031862191,9.229591837,0.046231746
84.708,3.366414326,0.007143359,0.000646268,0.036851884,9.229591837,0.055318085
84.708,3.366414326,0.007133449,0.003242727,0.039291377,9.229591837,0.066975022
84.709,3.366414326,0.004577453,0.000744827,0.044274939,9.229591837,0.067109548
84.71,3.368961083,0.007118092,-0.009394692,0.041614096,9.229591837,0.048779988
84.71,3.374054598,0.004565083,-0.014439557,0.038950228,9.229591837,0.037630255
84.71,3.371507841,0.007108738,-0.01184249,0.028641972,9.229591837,0.02819809
84.711,3.371507841,0.007106371,-0.016887049,0.015783615,9.229591837,0.010407257
84.712,3.371507841,0.007105565,-0.011742433,0.00801653,9.229591837,0.006437401
84.712,3.371507841,0.009653904,-0.011692219,0.005340748,9.229591837,0.009465059
84.712,3.371507841,0.007108702,-0.009094663,0.002662032,9.229591837,0.005617844
84.713,3.379148112,0.002017542,-0.019233349,-0.00511385,9.229591837,-0.017847017
84.714,3.379148112,0.002023173,-0.021730209,-0.020533981,9.229591837,-0.031363337
84.714,3.376601355,0.002030451,-0.02422704,-0.020674182,9.229591837,-0.028742673
84.714,3.376601355,-0.000508204,-0.019082074,-0.01572295,9.229591837,-0.019786285
84.715,3.371507841,-0.008140346,-0.013937085,-0.015868764,9.229591837,-0.024612515
84.716,3.368961083,-0.010675667,-0.013886584,-0.003281718,9.229591837,-0.018382733
84.716,3.371507841,-0.010661719,-0.008741553,-0.000885906,9.229591837,-0.014067008
84.716,3.371507841,-0.013193629,-0.008691024,0.001507188,9.229591837,-0.012162171
84.717,3.371507841,-0.010628659,-0.013734985,0.001350482,9.229591837,-0.018547588
84.718,3.366414326,-0.010609516,-0.018778937,0.003738254,9.229591837,-0.017816742
84.718,3.366414326,-0.005493483,-0.01108662,0.008670538,9.229591837,-0.003235482
84.718,3.366414326,-0.013113546,-0.018677879,0.021241614,9.229591837,-0.008111622
84.719,3.366414326,-0.010541566,-0.018627383,0.02362164,9.229591837,-0.003400529
84.72,3.374054598,-0.007967806,-0.005840657,0.023452039,9.229591837,0.009972184
84.72,3.371507841,-0.007939837,-0.00069578,0.025827089,9.229591837,0.011793191
84.72,3.371507841,-0.010457657,-0.000645507,0.0281997,9.229591837,0.004759593
84.721,3.374054598,-0.007878523,0.004499188,0.0305699,9.229591837,0.013481119
84.722,3.371507841,-0.007845146,0.012191041,0.027843485,9.229591837,0.01100947
84.722,3.376601355,-0.000167245,0.014788246,0.030208977,9.229591837,0.013588125
84.722,3.376601355,-0.000130243,0.025027076,0.032572172,9.229591837,0.021739518
84.723,3.379148112,-0.002638994,0.032718486,0.022197469,9.229591837,0.012756527
84.724,3.376601355,-5.08e-05,0.040409726,0.022009037,9.229591837,0.019536217
84.724,3.374054598,-0.007650992,0.040459024,0.021818416,9.229591837,0.016572644
84.724,3.371507841,-0.005059078,0.040508154,0.016531394,9.229591837,0.01852294
84.725,3.371507841,-0.0050129,0.035462588,0.006147993,9.229591837,0.010868746
84.726,3.368961083,0.000130274,0.027869548,-0.00169038,9.229591837,0.000732827
84.726,3.371507841,-0.002367426,0.017729025,-0.006983679,9.229591837,-0.019728628
84.726,3.371507841,-0.002315686,0.010135505,-0.009731863,9.229591837,-0.026337991
84.727,3.368961083,-0.002262109,0.010183475,-0.007387776,9.229591837,-0.021599213
84.728,3.368961083,-0.004754275,0.015325688,-0.007592754,9.229591837,-0.024109098
84.728,3.366414326,-0.007244605,0.020467635,-0.010346761,9.229591837,-0.025885944
84.728,3.366414326,-0.004637946,0.017967518,-0.010555499,9.229591837,-0.024035822
84.729,3.366414326,-0.00457702,0.005278071,-0.018407443,9.229591837,-0.044372344
84.73,3.366414326,0.008223604,0.000230092,-0.021166905,9.229591837,-0.038391502
84.73,3.366414326,0.008288195,0.000276302,-0.018833863,9.229591837,-0.030930473
84.73,3.366414326,0.010902185,-0.002225099,-0.024143907,9.229591837,-0.030114882
84.731,3.366414326,0.010970419,-0.007274124,-0.029455597,9.229591837,-0.03533243
84.732,3.366414326,0.011040471,-0.009776282,-0.0322218,9.229591837,-0.036547728
84.732,3.371507841,0.013659899,-0.002089792,-0.034989569,9.229591837,-0.028910295
84.732,3.371507841,0.013733553,-0.009687253,-0.035211733,9.229591837,-0.034276408
84.733,3.371507841,0.006166288,-0.017285133,-0.040529627,9.229591837,-0.050457108
84.734,3.374054598,0.013886242,-0.024883437,-0.043301819,9.229591837,-0.05428171
84.734,3.379148112,0.013965263,-0.037576668,-0.051169625,9.229591837,-0.070428406
84.734,3.379148112,0.014046062,-0.037534035,-0.051397379,9.229591837,-0.072154443
84.735,3.379148112,0.014128605,-0.04003909,-0.051626422,9.229591837,-0.070096252
84.736,3.379148112,0.009117741,-0.034902807,-0.049309586,9.229591837,-0.064920431
84.736,3.379148112,0.009203769,-0.034861513,-0.046993945,9.229591837,-0.065975702
84.736,3.379148112,0.009291513,-0.034820703,-0.049773707,9.229591837,-0.070606492
84.737,3.376601355,0.011928544,-0.039874906,-0.047460302,9.229591837,-0.070058739
84.738,3.376601355,0.012019696,-0.042382367,-0.047695071,9.229591837,-0.073891336
84.738,3.379148112,0.004469807,-0.039795849,-0.042836584,9.229591837,-0.073956196
84.738,3.374054598,0.007111879,-0.032115343,-0.035431923,9.229591837,-0.064034871
84.739,3.371507841,0.002112871,-0.024435389,-0.033122413,9.229591837,-0.060804174
84.74,3.374054598,-0.000336937,-0.021850527,-0.033360902,9.229591837,-0.057855954
84.74,3.371507841,-0.002785138,-0.019266254,-0.033600201,9.229591837,-0.05713312
84.74,3.371507841,-0.000136607,-0.016682567,-0.033840265,9.229591837,-0.05470613
84.741,3.366414326,0.005061058,-0.021741256,-0.031533927,9.229591837,-0.054286757
84.742,3.363867569,0.005165127,-0.021706043,-0.021586868,9.229591837,-0.043262876
84.742,3.363867569,0.005270728,-0.019124176,-0.01164042,9.229591837,-0.035545457
84.742,3.366414326,0.000282696,-0.008901146,-0.004241671,9.229591837,-0.02812431
84.743,3.366414326,0.002938874,0.001321239,0.000609436,9.229591837,-0.007352445
84.744,3.366414326,0.003048936,0.008995712,0.00036582,9.229591837,0.000289607
84.744,3.366414326,-0.001934707,0.011575002,0.000121797,9.229591837,0.002990575
84.744,3.366414326,0.003273364,0.021795387,0.002424532,9.229591837,0.023385842
84.745,3.363867569,0.003387686,0.039656857,0.002179823,9.229591837,0.037383767
84.746,3.366414326,0.003503377,0.047328605,0.001934841,9.229591837,0.044582054
84.746,3.371507841,0.006167993,0.052452401,-0.000857489,9.229591837,0.046524386
84.746,3.363867569,0.008833922,0.065217236,0.003991388,9.229591837,0.062443471
84.747,3.363867569,0.011501156,0.070339573,-0.001348368,9.229591837,0.067466588
84.748,3.371507841,0.006526938,0.070366647,0.0035003,9.229591837,0.068444753
84.748,3.371507841,0.004101532,0.062751178,0.005801787,9.229591837,0.057486536
84.748,3.368961083,0.006772469,0.052587666,0.008103274,9.229591837,0.05241637
84.749,3.371507841,0.011992152,0.044970619,0.010404798,9.229591837,0.048598899
84.75,3.376601355,0.012117838,0.039900024,0.015253534,9.229591837,0.042254724
84.75,3.376601355,0.014792212,0.037375875,0.027743774,9.229591837,0.054424895
84.75,3.379148112,0.014920086,0.037398143,0.030045693,9.229591837,0.056161025
84.751,3.376601355,0.017596591,0.04251406,0.032347827,9.229591837,0.069255785
84.752,3.379148112,0.020274106,0.039987327,0.029555966,9.229591837,0.065332511
84.752,3.376601355,0.01276232,0.03745973,0.024217293,9.229591837,0.057955909
84.752,3.371507841,0.015441796,0.022194967,0.018878973,9.229591837,0.042526532
84.753,3.371507841,0.018122183,0.019665621,0.0084468,9.229591837,0.034308585
84.754,3.379148112,0.013160729,0.017135383,0.005656448,9.229591837,0.024043197
84.754,3.379148112,0.013295265,0.012056959,0.000319453,9.229591837,0.012790757
84.754,3.371507841,0.008335457,-0.000664144,-0.005017021,9.229591837,-0.003040917
84.755,3.371507841,0.005923997,-0.008291684,-0.005258666,9.229591837,-0.012507753
84.756,3.368961083,0.006060839,-0.01846744,-0.013141063,9.229591837,-0.024743569
84.756,3.368961083,0.006198375,-0.026096902,-0.023569917,9.229591837,-0.040437466
84.756,3.368961083,0.008884141,-0.033727326,-0.044186551,9.229591837,-0.057028471
84.757,3.368961083,0.011570521,-0.049000496,-0.057161043,9.229591837,-0.079364564
84.758,3.363867569,0.011709921,-0.059180121,-0.06249336,9.229591837,-0.086073034
84.758,3.363867569,0.006754725,-0.066813483,-0.067824821,9.229591837,-0.099357215
84.758,3.363867569,0.001800032,-0.071900591,-0.075702523,9.229591837,-0.109642895
84.759,3.366414326,-0.00570178,-0.076988716,-0.083579293,9.229591837,-0.125224016
84.76,3.366414326,-0.008108021,-0.082077857,-0.088907927,9.229591837,-0.137949474
84.76,3.371507841,-0.002871149,-0.079526244,-0.094235528,9.229591837,-0.136616022
84.761,3.371507841,-0.005276658,-0.07697563,-0.102109154,9.229591837,-0.140554059
84.761,3.371507841,-0.005134308,-0.076973293,-0.097246027,9.229591837,-0.132517836
84.762,3.371507841,-0.007539277,-0.069330197,-0.084740342,9.229591837,-0.112950523
84.762,3.374054598,-0.00484887,-0.061688125,-0.067139176,9.229591837,-0.094524037
84.762,3.371507841,-0.004705876,-0.048952571,-0.05463101,9.229591837,-0.07649715
84.763,3.371507841,0.000532407,-0.026029028,-0.044668686,9.229591837,-0.048998135
84.764,3.371507841,0.000675628,-0.003106568,-0.02961078,9.229591837,-0.017857226
84.764,3.379148112,-0.004276242,0.012173005,-0.019645777,9.229591837,-0.001958757
84.764,3.379148112,0.00350975,0.037640508,-0.012226493,9.229591837,0.032728802
84.765,3.374054598,0.001105403,0.047823353,0.000288503,9.229591837,0.05119676
84.766,3.371507841,-0.001299041,0.050363323,0.007710742,9.229591837,0.057801053
84.766,0.142219705,-0.003703658,0.052902169,0.010040268,9.229591837,0.061020416
84.767,0.14731322,-0.006108475,0.047798142,0.017465626,9.229591837,0.057947034
84.767,0.14731322,-0.005965955,0.047787521,0.019798345,9.229591837,0.056621823
84.768,0.152406734,-0.005823708,0.050323033,0.022132719,9.229591837,0.072698358
84.768,0.149859977,-0.005681813,0.055404652,0.02701591,9.229591837,0.086296769
84.768,0.149859977,-0.008087858,0.052843348,0.029353711,9.229591837,0.088483787
84.769,0.142219705,-0.013041896,0.057922687,0.031693275,9.229591837,0.093403979
84.77,0.142219705,-0.015448834,0.050264586,0.039128904,9.229591837,0.085149915
84.77,0.144766462,-0.012761126,0.040058065,0.036377848,9.229591837,0.071950822
84.77,0.142219705,-0.01262156,0.034944912,0.036175793,9.229591837,0.057340907
84.771,0.142219705,-0.012482586,0.037472369,0.033428509,9.229591837,0.051345363
84.772,0.139672948,-0.019986981,0.037451395,0.025588896,9.229591837,0.037285609
84.772,0.134579434,-0.019849345,0.039976496,0.022845469,9.229591837,0.041917932
84.773,0.144766462,-0.012069738,0.042500375,0.02010401,9.229591837,0.043856014
84.773,0.144766462,-0.011933658,0.037381241,0.030100183,9.229591837,0.049584241
84.774,0.139672948,-0.011798431,0.032260866,0.032457012,9.229591837,0.049216305
84.774,0.144766462,-0.014211684,0.032233756,0.037363027,9.229591837,0.052847262
84.774,0.142219705,-0.011530719,0.032205411,0.042271133,9.229591837,0.066461577
84.775,0.149859977,-0.003755611,0.032175836,0.034445731,9.229591837,0.070665257
84.776,0.149859977,-0.001076669,0.049975817,0.039358125,9.229591837,0.095688595
84.776,0.14731322,-0.000946382,0.057585555,0.04172557,9.229591837,0.0961192
84.776,0.142219705,-0.008459946,0.052457759,0.044095225,9.229591837,0.08516686
84.777,0.149859977,-0.003236829,0.047328724,0.038825734,9.229591837,0.076094945
84.778,0.149859977,-0.000562525,0.039651183,0.041199872,9.229591837,0.07242461
84.778,0.142219705,-0.002984638,0.019236074,0.038482032,9.229591837,0.041643072
84.779,0.142219705,-0.007955649,0.009008728,0.030672248,9.229591837,0.028850613
84.779,0.144766462,-0.012928038,0.00132738,0.038147568,9.229591837,0.021143986
84.78,0.142219705,-0.017901846,0.006381075,0.048172386,9.229591837,0.031591114
84.78,0.144766462,-0.01523441,0.01398078,0.05565247,9.229591837,0.049514383
84.78,0.137126191,-0.02021123,0.021579249,0.068229221,9.229591837,0.05915605
84.781,0.139672948,-0.022642029,0.031723739,0.07316704,9.229591837,0.062341966
84.782,0.139672948,-0.014884126,0.041866979,0.075560206,9.229591837,0.079097313
84.782,0.139672948,-0.009675441,0.046914441,0.072861606,9.229591837,0.086049587
84.782,0.137126191,-0.009563599,0.051960642,0.072712634,9.229591837,0.089384086
84.783,0.137126191,-0.009453505,0.057005573,0.070019072,9.229591837,0.094204378
84.784,0.144766462,-0.001702467,0.059501975,0.064780942,9.229591837,0.094309509
84.784,0.142219705,-0.006691134,0.054355332,0.062092504,9.229591837,0.079967826
84.785,0.144766462,-0.004038959,0.044112912,0.059406666,9.229591837,0.069234236
84.785,0.142219705,-0.003936272,0.036416481,0.043987829,9.229591837,0.052786045
84.786,0.14731322,-0.006383132,0.021077006,0.033665878,9.229591837,0.036023448
84.786,0.144766462,-0.003736871,0.00828351,0.025893716,9.229591837,0.021435199
84.786,0.149859977,-0.003640245,-0.012153031,0.007935703,9.229591837,-0.010814815
84.787,0.149859977,-0.013736021,-0.022401796,0.000168872,9.229591837,-0.036732771
84.788,3.381694869,-0.011096079,-0.032651831,-0.002501019,9.229591837,-0.048710854
84.788,3.376601355,-0.013553481,-0.050544921,-0.002621072,9.373056995,-0.062971872
84.788,3.374054598,-0.016013124,-0.053155744,-0.010379788,9.373056995,-0.072773555
84.789,3.374054598,-0.026117771,-0.060862353,-0.015588641,9.373056995,-0.086807678
84.79,3.371507841,-0.026034428,-0.066022982,-0.013153365,9.373056995,-0.090299196
84.79,3.374054598,-0.025953432,-0.073732142,-0.015809579,9.373056995,-0.09287301
84.791,3.371507841,-0.02077967,-0.083989807,-0.023557266,9.373056995,-0.099155431
84.791,3.371507841,-0.018155925,-0.086606949,-0.028755035,9.373056995,-0.101145477
84.792,3.371507841,-0.015534637,-0.09177259,-0.033949994,9.373056995,-0.109038134
84.792,3.371507841,-0.018011011,-0.09439219,-0.039142154,9.373056995,-0.113570344
84.792,3.366414326,-0.017942361,-0.091918495,-0.041784383,9.373056995,-0.111031808
84.793,3.368961083,-0.020423875,-0.091993287,-0.04697093,9.373056995,-0.116845751
84.794,3.366414326,-0.020360437,-0.089522033,-0.049607531,9.373056995,-0.116896335
84.794,3.368961083,-0.022847248,-0.084504753,-0.054788432,9.373056995,-0.125437707
84.794,3.371507841,-0.012598886,-0.071846922,-0.057419383,9.373056995,-0.10575773
84.795,3.371507841,-0.009995969,-0.066832104,-0.05495324,9.373056995,-0.102570243
84.796,3.376601355,-0.007395823,-0.059271275,-0.055031393,9.373056995,-0.097118124
84.796,3.374054598,-0.002250907,-0.044069906,-0.05510671,9.373056995,-0.086553949
84.797,3.371507841,0.002891166,-0.036511543,-0.050084942,9.373056995,-0.073952711
84.797,3.371507841,0.000387646,-0.023859869,-0.05015458,9.373056995,-0.066549753
84.798,3.371507841,0.000428808,-0.008662124,-0.037485746,9.373056995,-0.04505874
84.798,3.374054598,0.00046703,-0.003654602,-0.024814056,9.373056995,-0.030718946
84.798,3.379148112,0.003049848,0.008993489,-0.014686647,9.373056995,-0.008700636
84.799,3.379148112,0.008177238,0.019093149,-0.002009289,9.373056995,0.010920723
84.8,3.371507841,0.013301594,0.039380656,0.008123782,9.373056995,0.040221413
84.8,3.379148112,0.005685027,0.031647129,0.01571256,9.373056995,0.038376739
84.8,3.379148112,0.008255673,0.02900695,0.025851299,9.373056995,0.045133849
84.801,3.376601355,0.013370772,0.023818351,0.023257256,9.373056995,0.043021729
84.802,3.379148112,0.010840011,0.016081337,0.028307424,9.373056995,0.038440477
84.802,3.379148112,0.008306086,0.015984935,0.025719044,9.373056995,0.036263629
84.802,3.379148112,0.005768979,0.005698324,0.023133485,9.373056995,0.022786228
84.803,3.374054598,0.005776244,0.000505067,0.015456506,9.373056995,0.0114155
84.804,3.371507841,0.005780276,0.000405173,0.007782346,9.373056995,0.007863151
84.804,3.371507841,0.005781055,0.000304143,0.007752389,9.373056995,0.0082175
84.804,3.371507841,0.008326137,-0.002345268,0.005178129,9.373056995,0.003758719
84.805,3.371507841,0.005772757,-0.007543047,-0.002487577,9.373056995,-0.006133993
84.806,3.371507841,0.003216047,-0.007647405,-0.005056248,9.373056995,-0.006567672
84.806,3.371507841,0.005751145,-0.015394631,-0.002527858,9.373056995,-0.013097994
84.806,3.374054598,0.005735311,-0.018048409,3.33e-06,9.373056995,-0.00879264
84.807,3.371507841,0.005716103,-0.013061476,-9.82e-06,9.373056995,-0.002517658
84.808,3.381694869,0.008241065,-0.018264626,0.002526954,9.373056995,-0.004945861
84.808,3.374054598,0.010762631,-0.015827034,0.00251939,9.373056995,-0.001571757
84.808,3.371507841,0.010733201,-0.021032225,0.005061741,9.373056995,-0.001416705
84.809,3.371507841,0.013247905,-0.016049368,0.00505972,9.373056995,0.004222138
84.81,3.374054598,0.015759155,-0.011067486,0.015248965,9.373056995,0.014515845
84.81,3.371507841,0.010624222,-0.0060866,0.020346686,9.373056995,0.014851493
84.81,3.371507841,0.008033387,-0.001106703,0.025447127,9.373056995,0.021863589
84.811,3.371507841,0.01562938,0.008966725,0.028003157,9.373056995,0.038462723
84.812,3.371507841,0.020674307,0.019039159,0.043297506,9.373056995,0.060595062
84.812,3.371507841,0.023168141,0.029110611,0.053500284,9.373056995,0.078648965
84.812,3.371507841,0.02311088,0.036633833,0.058611484,9.373056995,0.07915959
84.813,3.371507841,0.023050097,0.036514355,0.058631071,9.373056995,0.074029946
84.814,3.371507841,0.022985793,0.041488456,0.061200404,9.373056995,0.083941662
84.814,3.366414326,0.017822798,0.041367128,0.063772347,9.373056995,0.083810483
84.814,3.368961083,0.020299004,0.036150391,0.061252635,9.373056995,0.074506406
84.815,3.366414326,0.017676523,0.033480023,0.061282645,9.373056995,0.066809811
84.816,3.366414326,0.015050507,0.030808781,0.048579582,9.373056995,0.050868024
84.816,3.368961083,0.014968533,0.030683944,0.048614689,9.373056995,0.051989078
84.816,3.366414326,0.014883014,0.038200053,0.056293708,9.373056995,0.069425678
84.817,3.371507841,0.01479398,0.048262593,0.053786734,9.373056995,0.079919757
84.818,3.366414326,0.014701419,0.055777058,0.051282254,9.373056995,0.089506197
84.818,3.368961083,0.01460534,0.060743468,0.048780268,9.373056995,0.089841556
84.818,3.366414326,0.019600881,0.058067331,0.051374999,9.373056995,0.100561085
84.819,3.366414326,0.019497752,0.050295897,0.043783667,9.373056995,0.082008194
84.82,3.366414326,0.019391111,0.039976435,0.036194732,9.373056995,0.074631196
84.82,3.366414326,0.014185817,0.029656207,0.023513919,9.373056995,0.058019753
84.82,3.366414326,0.008977022,0.019335219,0.010835451,9.373056995,0.043010943
84.821,3.366414326,0.006312319,0.006466231,-0.004387814,9.373056995,0.019807382
84.822,3.366414326,0.00364414,-0.003856229,-0.014514526,9.373056995,0.003462951
84.822,3.374054598,-0.001575081,-0.019273913,-0.034827453,9.373056995,-0.028334126
84.822,3.371507841,0.003392521,-0.034692282,-0.03985536,9.373056995,-0.036545506
84.823,3.366414326,0.00326153,-0.050111325,-0.052522394,9.373056995,-0.06170115
84.824,3.366414326,0.000579526,-0.060436516,-0.060092969,9.373056995,-0.076031559
84.824,3.366414326,0.000441683,-0.068215082,-0.065114232,9.373056995,-0.085668361
84.824,3.366414326,0.002848023,-0.073447,-0.070133321,9.373056995,-0.094540179
84.825,3.371507841,0.005250989,-0.068490481,-0.07260313,9.373056995,-0.088890432
84.826,3.371507841,0.00255546,-0.063534532,-0.080165074,9.373056995,-0.09214433
84.826,3.374054598,-0.000143412,-0.066220926,-0.074989281,9.373056995,-0.091691494
84.826,3.366414326,-0.000298037,-0.061266072,-0.074905686,9.373056995,-0.091456816
84.827,3.366414326,-0.000455958,-0.058859013,-0.074820046,9.373056995,-0.087441727
84.828,3.363867569,0.001930445,-0.048810692,-0.074732389,9.373056995,-0.075663663
84.828,3.366414326,0.004313598,-0.038762881,-0.074642731,9.373056995,-0.059399669
84.828,3.366414326,0.001598394,-0.031262826,-0.074551116,9.373056995,-0.061969963
84.829,3.366414326,-0.001119994,-0.023763249,-0.071910425,9.373056995,-0.060709657
84.83,3.371507841,-0.001293987,-0.023905906,-0.069267818,9.373056995,-0.060906768
84.83,3.366414326,-0.001471137,-0.016407234,-0.064076198,9.373056995,-0.050936494
84.83,3.366414326,0.003443758,-0.011456262,-0.053788469,9.373056995,-0.038634796
84.831,3.366414326,0.003260415,-0.011600216,-0.043498906,9.373056995,-0.029319121
84.832,3.366414326,0.00052645,-0.011744555,-0.030660408,9.373056995,-0.021381665
84.832,3.366414326,0.00288461,-0.014436528,-0.020367251,9.373056995,-0.018734742
84.832,3.366414326,0.010334924,-0.017128877,-0.012619465,9.373056995,-0.013315767
84.833,3.366414326,0.010139577,-0.017274309,0.000224295,9.373056995,-0.005334063
84.834,3.363867569,0.007393734,-0.01742004,0.01306974,9.373056995,-0.008390006
84.834,3.366414326,0.004645019,-0.01756606,0.02846398,9.373056995,-0.00504591
84.834,3.366414326,0.001893449,-0.012617809,0.048954115,9.373056995,0.005928723
84.835,3.366414326,-0.0034085,-0.007669764,0.064351646,9.373056995,0.015054298
84.836,3.366414326,-0.001070511,-0.000174664,0.077203649,9.373056995,0.029810015
84.836,3.366414326,-0.001282832,0.007320245,0.087510077,9.373056995,0.046278629
84.836,3.363867569,-0.004045416,0.019909492,0.102912284,9.373056995,0.072980753
84.837,3.371507841,-0.004263076,0.037593089,0.108127478,9.373056995,0.097422415
84.838,3.374054598,-0.00703092,0.047634747,0.120985523,9.373056995,0.111217506
84.838,3.371507841,0.005484124,0.047487236,0.131297893,9.373056995,0.124743422
84.838,3.374054598,0.000163621,0.05498139,0.133970318,9.373056995,0.125890703
84.839,3.363867569,0.007578496,0.059928181,0.141738381,9.373056995,0.137272172
84.84,3.374054598,0.007348212,0.064874902,0.141866423,9.373056995,0.141762558
84.84,3.371507841,0.00711554,0.064727044,0.141995779,9.373056995,0.139301149
84.84,3.374054598,-0.005857334,0.064579148,0.142126418,9.373056995,0.127568445
84.841,3.371507841,-0.000999476,0.051694932,0.139711176,9.373056995,0.117782512
84.842,3.366414326,-0.006334143,0.043905252,0.12710865,9.373056995,0.099219726
84.842,3.363867569,-0.009123431,0.038662876,0.11960155,9.373056995,0.088794582
84.842,3.371507841,-0.01701002,0.041062344,0.107001347,9.373056995,0.073870869
84.843,3.371507841,-0.007065698,0.035820102,0.091855132,9.373056995,0.072775731
84.844,3.374054598,-0.004766144,0.025483444,0.089445656,9.373056995,0.065583751
84.844,3.371507841,-0.005016144,0.017694165,0.069207367,9.373056995,0.043148698
84.844,3.371507841,-0.002720507,0.012452288,0.051517255,9.373056995,0.025602366
84.845,3.371507841,-0.002974333,0.009757828,0.031281037,9.373056995,0.013919336
84.846,3.371507841,0.001865163,0.001969026,0.021234316,9.373056995,0.002076125
84.846,3.368961083,-0.003487419,0.004369449,0.003547143,9.373056995,-0.011011434
84.846,3.371507841,0.001348582,0.001675577,-0.009044858,9.373056995,-0.021271847
84.847,3.371507841,0.001087773,-0.001018048,-0.021635992,9.373056995,-0.031654967
84.848,3.366414326,0.000825369,-0.011353188,-0.039320517,9.373056995,-0.052309557
84.848,3.368961083,-0.001986149,-0.019140767,-0.059551349,9.373056995,-0.074774329
84.848,3.371507841,-0.004799159,-0.034569815,-0.074687128,9.373056995,-0.101352527
84.849,3.368961083,-0.005066022,-0.044903989,-0.089822156,9.373056995,-0.121741845
84.85,3.374054598,-0.002786707,-0.052690563,-0.099862216,9.373056995,-0.132966252
84.85,3.371507841,0.002038884,-0.055382233,-0.109901592,9.373056995,-0.135901919
84.85,3.374054598,-0.000779499,-0.0657153,-0.127581679,9.373056995,-0.156318061
84.851,3.379148112,-0.003599066,-0.076047972,-0.140166904,9.373056995,-0.176449867
84.852,3.374054598,-0.00896734,-0.078738468,-0.155298659,9.373056995,-0.194102881
84.852,3.379148112,-0.001598826,-0.094164833,-0.165335614,9.373056995,-0.205886179
84.852,3.379148112,0.000673543,-0.099401699,-0.170277802,9.373056995,-0.211019028
84.853,3.376601355,0.000397398,-0.107185372,-0.170125248,9.373056995,-0.21222414
84.854,3.371507841,-0.010069922,-0.099684994,-0.177613605,9.373056995,-0.216091793
84.854,3.376601355,-0.010347752,-0.097278616,-0.172365902,9.373056995,-0.196680881
84.854,3.379148112,-0.010626338,-0.094871687,-0.167117798,9.373056995,-0.190294004
84.855,3.379148112,-0.010905615,-0.09501145,-0.159322201,9.373056995,-0.184943787
84.856,3.379148112,-0.013733093,-0.087508843,-0.146432004,9.373056995,-0.166776037
84.856,3.376601355,-0.011465984,-0.074911102,-0.133541502,9.373056995,-0.145398192
84.856,3.381694869,-0.011746938,-0.059765472,-0.125744973,9.373056995,-0.128734397
84.857,3.379148112,-0.009480744,-0.054808227,-0.117948184,9.373056995,-0.116317885
84.858,3.368961083,-0.012310069,-0.037114039,-0.105056926,9.373056995,-0.092160525
84.858,3.371507841,-0.010044539,-0.021966416,-0.087071207,9.373056995,-0.066419332
84.858,3.368961083,-0.010326806,-0.006818084,-0.069085306,9.373056995,-0.038208136
84.859,3.371507841,-0.010609233,0.003236486,-0.05109926,9.373056995,-0.015766695
84.86,3.371507841,-0.013439326,0.015839101,-0.035660217,9.373056995,0.000699792
84.86,3.371507841,-0.011174288,0.025895245,-0.022768208,9.373056995,0.015927515
84.86,3.366414326,-0.011456785,0.043593967,-0.014970407,9.373056995,0.039534713
84.861,3.371507841,-0.001548875,0.040915434,-0.00207832,9.373056995,0.054809776
84.862,3.366414326,0.000716486,0.056068548,0.018455143,9.373056995,0.084239324
84.862,3.366414326,0.000434525,0.061033468,0.044082828,9.373056995,0.11013644
84.862,3.363867569,0.002700455,0.063451987,0.067163338,9.373056995,0.130682279
84.863,0.139672948,0.007514342,0.073513165,0.08005527,9.373056995,0.15231457
84.864,0.139672948,0.007233516,0.08357523,0.090399992,9.373056995,0.164774829
84.864,0.139672948,0.009500799,0.098732731,0.100744596,9.373056995,0.187535316
84.864,0.144766462,0.016863818,0.10624942,0.111089062,9.373056995,0.209117509
84.865,0.144766462,0.014037185,0.113767111,0.118886218,9.373056995,0.218169484
84.866,0.144766462,0.011211283,0.116191289,0.12158892,9.373056995,0.215895678
84.866,0.144766462,0.010933744,0.113521981,0.119197138,9.373056995,0.210392202
84.866,0.144766462,0.010657074,0.098117429,0.116805093,9.373056995,0.190215903
84.867,0.149859977,0.010381336,0.07252489,0.101677139,9.373056995,0.155072287
84.868,0.149859977,0.007559036,0.057122463,0.086548855,9.373056995,0.125731468
84.868,0.149859977,0.012380519,0.044268389,0.076514484,9.373056995,0.109185004
84.868,0.149859977,0.004465252,0.044151724,0.071573991,9.373056995,0.099233628
84.869,0.149859977,0.009289051,0.041488935,0.053897481,9.373056995,0.08660164
84.87,0.149859977,0.006471396,0.038827326,0.041314809,9.373056995,0.07069234
84.87,0.149859977,0.006202646,0.03871412,0.033825955,9.373056995,0.067896144
84.87,0.149859977,0.005935298,0.036054829,0.018695254,9.373056995,0.06317178
84.871,0.152406734,0.00312186,0.030849462,0.006111182,9.373056995,0.046852152
84.872,0.152406734,0.005405106,0.028192573,-0.006473403,9.373056995,0.037438751
84.872,0.149859977,-0.002500346,0.028084187,-0.019058516,9.373056995,0.021193845
84.872,0.149859977,-0.00021383,0.025429822,-0.026549906,9.373056995,0.014120866
84.873,0.152406734,-0.000473161,0.017682232,-0.034041843,9.373056995,-0.006173767
84.874,0.142219705,0.004364463,0.007388715,-0.036440095,9.373056995,-0.014779747
84.874,0.144766462,-0.003533899,0.002191067,-0.041386068,9.373056995,-0.028331172
84.874,0.142219705,-0.003787609,-0.008099743,-0.051426918,9.373056995,-0.040099605
84.875,0.142219705,-0.004039317,-0.02093644,-0.064015552,9.373056995,-0.056025046
84.876,0.142219705,-0.001741389,-0.03631903,-0.081699092,9.373056995,-0.072620385
84.876,0.142219705,-0.004536477,-0.051700206,-0.094289066,9.373056995,-0.091765418
84.876,0.144766462,-0.007329364,-0.061985416,-0.096691256,9.373056995,-0.104426981
84.877,0.144766462,-0.010120007,-0.064627398,-0.109282672,9.373056995,-0.120563401
84.878,0.144766462,-0.010360756,-0.072362424,-0.119327725,9.373056995,-0.143695717
84.878,0.144766462,-0.01314671,-0.075001455,-0.129373546,9.373056995,-0.160760809
84.878,0.144766462,-0.003192374,-0.075091753,-0.139420157,9.373056995,-0.165806463
84.879,0.144766462,-0.011068563,-0.075180573,-0.141826197,9.373056995,-0.176481084
84.88,0.137126191,-0.011299476,-0.070173386,-0.139138815,9.373056995,-0.16993491
84.88,0.137126191,-0.008980195,-0.067711946,-0.144093649,9.373056995,-0.168290472
84.88,0.137126191,-0.009205827,-0.060154501,-0.1337666,9.373056995,-0.150595083
84.881,0.139672948,-0.009428741,-0.050048273,-0.11579903,9.373056995,-0.12595566
84.882,0.142219705,-0.014744025,-0.034845979,-0.097832352,9.373056995,-0.101739353
84.882,0.142219705,-0.014961316,-0.032378411,-0.082413699,9.373056995,-0.09210223
84.883,0.134579434,-0.007532988,-0.019720199,-0.064448858,9.373056995,-0.067049726
84.883,0.139672948,-0.007744412,-0.019796697,-0.049032105,9.373056995,-0.058134884
84.884,0.137126191,-0.007952819,-0.022418854,-0.036163449,9.373056995,-0.050837701
84.884,0.137126191,-0.008158155,-0.022492158,-0.028390072,9.373056995,-0.055189592
84.884,3.368961083,-0.00836037,-0.025111114,-0.02571198,9.373056995,-0.054859583
84.885,3.366414326,-0.008559416,-0.025181203,-0.020487791,9.324742268,-0.05397534
84.886,3.366414326,-0.008755239,-0.020155147,-0.012717558,9.324742268,-0.046811794
84.886,3.366414326,-0.008947781,-0.01003293,-0.004948407,9.324742268,-0.030998314
84.886,3.371507841,-0.006589425,-0.002456309,-0.002274601,9.324742268,-0.025023755
84.887,3.374054598,-0.006775272,0.002574732,0.00803947,9.324742268,-0.014163166
84.888,3.374054598,-0.001862557,0.007607459,0.013258161,9.324742268,-0.008159501
84.888,3.374054598,0.000506059,0.015189126,0.021022837,9.324742268,0.004061935
84.889,3.371507841,0.000330612,0.027867014,0.028786351,9.324742268,0.019471025
84.889,3.374054598,-0.00493641,0.032904828,0.036548672,9.324742268,0.022592306
84.89,3.371507841,-0.007652233,0.043038877,0.044309818,9.324742268,0.032015349
84.89,3.371507841,-0.007816818,0.050627405,0.052069779,9.324742268,0.045048627
84.89,3.371507841,-0.002882557,0.058217696,0.049640026,9.324742268,0.050998224
84.891,3.374054598,-0.003039697,0.058167989,0.052303308,9.324742268,0.054849452
84.892,3.371507841,0.001902086,0.053025561,0.054965365,9.324742268,0.056164114
84.892,3.371507841,0.004300136,0.05297944,0.060173314,9.324742268,0.062046818
84.892,3.371507841,0.009249641,0.047840595,0.070474256,9.324742268,0.073358996
84.893,3.371507841,0.009107903,0.0401563,0.07567969,9.324742268,0.07282736
84.894,3.368961083,0.006422537,0.045210106,0.085978127,9.324742268,0.083573516
84.894,3.379148112,-0.003901583,0.047718471,0.091181032,9.324742268,0.077975782
84.895,3.379148112,-0.004031402,0.04768141,0.093835544,9.324742268,0.078644231
84.895,3.379148112,-0.001609612,0.045098927,0.091394517,9.324742268,0.07769814
84.896,3.376601355,0.000816275,0.03997103,0.086405059,9.324742268,0.075012732
84.896,3.376601355,0.00069871,0.034845002,0.083961424,9.324742268,0.080294912
84.896,3.379148112,0.000585304,0.034815357,0.081516466,9.324742268,0.083877956
84.897,3.379148112,-0.00207149,0.034787567,0.076523045,9.324742268,0.081324472
84.898,3.374054598,-0.00217648,0.034761634,0.066434042,9.324742268,0.076475165
84.898,3.379148112,0.00027034,0.037284827,0.061437949,9.324742268,0.073241217
84.898,3.379148112,-0.002373719,0.034715378,0.053893389,9.324742268,0.06380269
84.899,3.371507841,8.17e-05,0.037242331,0.046347477,9.324742268,0.057329575
84.9,3.371507841,-0.007648924,0.029582142,0.041347349,9.324742268,0.036669542
84.9,3.374054598,-0.005184863,0.02701838,0.033798755,9.324742268,0.028428219
84.901,3.374054598,-0.000168864,0.024456539,0.03134307,9.324742268,0.02867803
84.901,3.371507841,0.002303968,0.019349352,0.028886048,9.324742268,0.026471774
84.902,3.371507841,-0.005409076,0.024433137,0.031521941,9.324742268,0.026253922
84.902,3.366414326,-0.008022532,0.014235327,0.034156495,9.324742268,0.017820296
84.902,3.366414326,-0.008083962,0.009134026,0.034242584,9.324742268,0.01206471
84.903,3.366414326,-0.0081409,-0.00615435,0.036874454,9.324742268,0.001119453
84.904,3.366414326,-0.008193329,-0.011251718,0.031863604,9.324742268,-0.001275065
84.904,3.366414326,-0.003146104,-0.01889439,0.029398532,9.324742268,0.002045926
84.904,3.368961083,-0.013379799,-0.008704293,0.029479215,9.324742268,0.003179254
84.905,3.366414326,-0.01341867,-0.00360676,0.029558529,9.324742268,0.005966724
84.906,3.366414326,-0.013452995,0.004039955,0.024542201,9.324742268,0.004376973
84.906,3.366414326,-0.013482784,-0.001047696,0.019524485,9.324742268,-0.006534643
84.907,3.368961083,-0.016055578,0.004055604,0.009411115,9.324742268,-0.010830648
84.907,3.363867569,-0.008433507,0.004066299,0.004390587,9.324742268,-0.00051352
84.908,3.366414326,-0.013544728,0.011720691,-0.00063136,9.324742268,-0.000928243
84.908,3.366414326,-0.013556191,0.014282472,-0.003107601,9.324742268,0.00557641
84.908,3.366414326,-0.013563061,0.014298923,-0.003038149,9.324742268,0.013066124
84.909,3.366414326,-0.008470192,0.01686454,-0.005517255,9.324742268,0.023456286
84.91,3.374054598,-0.008467862,0.014337538,0.002190724,9.324742268,0.033725431
84.91,3.371507841,-0.011008498,0.004170656,-0.00283835,9.324742268,0.023955543
84.91,3.374054598,-0.02118726,-0.005994318,0.004866756,9.324742268,0.014761652
84.911,3.374054598,-0.013528413,-0.01361011,0.002381934,9.324742268,0.013698365
84.912,3.371507841,-0.010960123,-0.016129485,0.01263131,9.324742268,0.017843533
84.912,3.371507841,-0.008387247,-0.01355244,0.012690745,9.324742268,0.019086066
84.913,3.371507841,-0.005809787,-0.000784475,0.01274875,9.324742268,0.023038371
84.913,3.371507841,-0.003227749,0.00434358,0.012805324,9.324742268,0.028808708
84.914,3.371507841,-0.008283865,0.009473498,0.007766213,9.324742268,0.021647286
84.914,3.371507841,-0.000597549,0.006963497,0.00272565,9.324742268,0.018287777
84.914,3.371507841,-0.003096983,0.001908079,0.002777894,9.324742268,0.011841166
84.915,3.366414326,-0.003044323,-0.008240023,0.000281561,9.324742268,-0.003082209
84.916,3.366414326,-0.008082272,-0.015839027,-0.002216226,9.324742268,-0.018232651
84.916,3.366414326,-0.010568121,-0.015794404,-0.002168327,9.324742268,-0.021248532
84.916,3.366414326,-0.010501896,-0.020842455,-0.002121855,9.324742268,-0.026938296
84.917,3.366414326,-0.007883605,-0.023341428,0.000470314,9.324742268,-0.025975942
84.918,3.366414326,-0.00526083,-0.023291305,0.003061069,9.324742268,-0.023421509
84.918,3.363867569,-0.0026336,-0.035975637,0.000556167,9.324742268,-0.039243217
84.919,3.371507841,-0.002549511,-0.030827342,-0.001950137,9.324742268,-0.043841353
84.919,3.371507841,0.002634138,-0.028224495,-0.004457833,9.324742268,-0.036089115
84.92,3.371507841,0.005274608,-0.025619853,-0.00441978,9.324742268,-0.031051795
84.92,3.368961083,0.005371874,-0.028107947,-0.001835963,9.324742268,-0.028595969
84.92,3.371507841,0.005473489,-0.025499725,0.008387878,9.324742268,-0.014028738
84.921,3.371507841,0.000484295,-0.022889731,0.016063263,9.324742268,-0.007776052
84.922,3.371507841,0.000594545,-0.015183455,0.023737311,9.324742268,0.00211704
84.922,3.379148112,-0.001838498,-0.017664468,0.026315773,9.324742268,-0.001111336
84.922,3.379148112,0.000827854,-0.015049207,0.023798662,9.324742268,-0.001331057
84.923,3.376601355,-0.001596702,-0.014979466,0.011091723,9.324742268,-0.019662238
84.924,3.376601355,0.003625652,-0.017455244,0.016213352,9.324742268,-0.012029664
84.924,3.376601355,0.003757003,-0.022476552,0.008598051,9.324742268,-0.017420558
84.924,3.379148112,-0.001202653,-0.027496114,0.008622844,9.324742268,-0.027966847
84.925,3.376601355,0.004032083,-0.035061196,-0.001542148,9.324742268,-0.03238578
84.926,3.376601355,0.00927088,-0.047719065,-0.00661415,9.324742268,-0.040194385
84.926,3.379148112,0.009418548,-0.055280709,-0.009140277,9.324742268,-0.040507535
84.926,3.379148112,0.014665366,-0.055198877,-0.001479153,9.324742268,-0.029533861
84.927,3.379148112,0.012273425,-0.050020856,-0.009102009,9.324742268,-0.031325077
84.928,3.379148112,0.009885402,-0.04484118,-0.003990455,9.324742268,-0.025278377
84.928,3.379148112,0.007501256,-0.042207125,-0.003974356,9.324742268,-0.022142087
84.928,3.374054598,0.002573373,-0.042118704,-0.016695093,9.324742268,-0.043300493
84.929,3.379148112,0.002744433,-0.029292376,-0.0166814,9.324742268,-0.032651836
84.93,3.371507841,0.005466832,-0.021558963,-0.014121782,9.324742268,-0.022174069
84.93,3.374054598,0.01074052,-0.013823963,-0.014110472,9.324742268,-0.016630584
84.93,3.371507841,0.00837516,-0.008634639,-0.014100343,9.324742268,-0.01850214
84.931,3.371507841,0.011108571,-0.000896486,-0.016638516,9.324742268,-0.010207279
84.932,3.371507841,0.016393132,0.009390474,-0.021724986,9.324742268,0.000447709
84.932,3.371507841,0.019133633,0.009489917,-0.029359738,9.324742268,0.00100804
84.932,3.368961083,0.016782473,0.014685403,-0.031901398,9.324742268,0.006911651
84.933,3.371507841,0.014434743,0.014787885,-0.034444197,9.324742268,0.006615292
84.934,3.371507841,0.017185542,0.009797332,-0.034440966,9.324742268,0.007764848
84.934,3.371507841,0.014844519,0.017544536,-0.036985976,9.324742268,0.007990034
84.934,3.371507841,0.015054355,0.017651393,-0.034437816,9.324742268,0.006892083
84.935,3.374054598,0.017815,0.007570637,-0.031890757,9.324742268,-0.003052036
84.936,3.371507841,0.018031248,-0.002508723,-0.029344776,9.324742268,-0.011986929
84.936,3.371507841,0.023345774,-0.002397671,-0.024252738,9.324742268,-0.013187065
84.936,3.371507841,0.03121095,-0.002285257,-0.021708888,9.324742268,-0.008161649
84.937,3.371507841,0.028888848,0.002923015,-0.011524726,9.324742268,0.003091161
84.938,3.371507841,0.026569713,0.010679877,-0.001341625,9.324742268,0.019831322
84.938,3.371507841,0.02680105,0.020985311,0.011387561,9.324742268,0.041214985
84.938,3.379148112,0.027035234,0.023650258,0.019021466,9.324742268,0.058256833
84.939,3.371507841,0.02727221,0.031410979,0.024107234,9.324742268,0.078722861
84.94,3.371507841,0.027511912,0.028983887,0.019003499,9.324742268,0.079943581
84.94,3.374054598,0.030301869,0.021463505,0.018993045,9.324742268,0.08214141
84.94,3.379148112,0.022904142,0.011397052,0.018981632,9.324742268,0.070259197
84.941,3.376601355,0.028246837,0.011520821,0.01896927,9.324742268,0.071818751
84.942,3.379148112,0.025949299,0.016740266,0.018955976,9.324742268,0.075329911
84.942,3.376601355,0.023654196,0.016866367,0.013847516,9.324742268,0.066431497
84.942,3.371507841,0.023909043,0.027182647,0.011285281,9.324742268,0.067848644
84.943,3.371507841,0.024166202,0.024763755,0.008722154,9.324742268,0.061402983
84.944,3.371507841,0.02187804,0.014704192,0.008705264,9.324742268,0.045565146
84.944,3.371507841,0.019592059,0.017382007,0.008687489,9.324742268,0.03960282
84.944,3.374054598,0.0173082,0.012419115,0.008668857,9.324742268,0.039520185
84.945,3.376601355,0.012478832,0.007457255,0.008649379,9.324742268,0.040867974
84.946,3.371507841,0.007651475,-0.002598105,0.006081933,9.324742268,0.035725288
84.946,3.381694869,0.007921194,-0.015199747,-0.004127706,9.324742268,0.021238517
84.946,3.376601355,0.008192789,-0.020158632,-0.004149639,9.324742268,0.021668055
84.947,3.371507841,0.011013757,-0.035305593,0.000921897,9.324742268,0.014958092
84.948,3.368961083,0.016384043,-0.0377153,-0.004195825,9.324742268,0.014388005
84.948,3.371507841,0.006470544,-0.040124061,-0.006767158,9.324742268,-0.003439915
84.948,3.371507841,0.004201359,-0.039984642,-0.009339196,9.324742268,-0.01473334
84.949,3.371507841,0.004481285,-0.034749791,-0.011911932,9.324742268,-0.013192697
84.95,3.368961083,0.002215115,-0.034608597,-0.009391095,9.324742268,-0.018196665
84.95,3.371507841,-4.97e-05,-0.03446654,-0.004323795,9.324742268,-0.015398288
84.95,3.371507841,0.00023445,-0.034323656,-0.001804268,9.324742268,-0.018154162
84.951,3.371507841,-0.002027739,-0.029085422,0.00071462,9.324742268,-0.02062493
84.952,3.374054598,-0.006836313,-0.02894089,0.000685767,9.324742268,-0.034427148
84.952,3.371507841,-0.001453461,-0.026248305,0.000656345,9.324742268,-0.02301553
84.952,3.371507841,-0.008807415,-0.028649479,0.005720594,9.324742268,-0.018117773
84.953,3.371507841,-0.00851766,-0.036144427,0.003142894,9.324742268,-0.017320658
84.954,3.371507841,-0.010774553,-0.038544153,0.003111753,9.324742268,-0.021466827
84.954,3.371507841,-0.007935433,-0.046037717,0.003080059,9.324742268,-0.027102282
84.954,3.366414326,-0.002547946,-0.045888836,-0.002046422,9.324742268,-0.026612393
84.955,3.366414326,0.007935421,-0.033003022,-0.002079175,9.324742268,-0.009155582
84.956,3.366414326,0.008229144,-0.022663854,-0.004659555,9.324742268,-0.000893129
84.956,3.366414326,0.008523439,-0.017418641,0.002948074,9.324742268,0.013440641
84.956,3.366414326,0.008818236,-0.014720121,0.000366731,9.324742268,0.007130163
84.957,3.366414326,0.014208616,-0.012021067,0.000332058,9.324742268,0.011104178
84.958,3.366414326,0.011956632,-0.00677423,-0.004797317,9.324742268,0.004879646
84.958,3.366414326,0.007157363,-0.006621405,-0.012474241,9.324742268,-0.010292342
84.958,3.366414326,0.007453479,-0.003920868,-0.012510196,9.324742268,-0.013977482
84.959,3.366414326,0.010297333,-0.006314431,-0.007452306,9.324742268,-0.014003857
84.96,3.371507841,0.013141287,0.001481447,-0.007489058,9.324742268,-0.007417547
84.96,3.371507841,0.013437703,0.009277706,0.005209452,9.324742268,0.010192038
84.96,0.144766462,0.011186518,0.017074334,0.012813361,9.324742268,0.018318389
84.961,0.142219705,0.008935217,0.024871312,0.015322692,9.324742268,0.022132873
84.962,0.142219705,0.006683758,0.032668618,0.025473094,9.324742268,0.037101709
84.962,0.142219705,0.004432056,0.030277221,0.027981823,9.324742268,0.035666507
84.962,0.149859977,-0.002915097,0.03552791,0.027943133,9.324742268,0.026603835
84.963,0.149859977,-0.005167474,0.038231625,0.032998423,9.324742268,0.028870315
84.964,0.149859977,-0.007420299,0.030746573,0.035506335,9.324742268,0.01984869
84.964,0.14731322,-0.009673627,0.025809011,0.038014004,9.324742268,0.016073086
84.964,0.149859977,-0.009379943,0.018324399,0.037974313,9.324742268,0.013310232
84.965,0.144766462,-0.014182032,0.026123516,0.035387292,9.324742268,0.012088896
84.966,0.142219705,-0.011342086,0.026281004,0.030252956,9.324742268,0.008935434
84.966,0.137126191,-0.008502895,0.028985868,0.027665556,9.324742268,0.020049713
84.966,0.139672948,-0.018402408,0.0265963,0.019983755,9.324742268,0.004854891
84.967,0.134579434,-0.013017365,0.016565024,0.014848924,9.324742268,0.001949385
84.968,0.137126191,-0.020371147,0.009081055,0.00461972,9.324742268,-0.008808024
84.968,0.137126191,-0.020083221,-0.000950129,-0.003062453,9.324742268,-0.018924568
84.968,0.134579434,-0.024891531,-0.010981279,-0.010744718,9.324742268,-0.038299836
84.969,0.137126191,-0.029701001,-0.018465168,-0.013332813,9.324742268,-0.051070008
84.97,0.137126191,-0.031964101,-0.0234018,-0.008279609,9.324742268,-0.056225076
84.97,0.139672948,-0.034228455,-0.025791188,-0.003226461,9.324742268,-0.065237917
84.97,0.139672948,-0.026303839,-0.023086084,0.001826638,9.324742268,-0.056439046
84.971,0.144766462,-0.028570894,-0.012739259,0.004332592,9.324742268,-0.054386269
84.972,0.144766462,-0.033386975,-0.007487029,0.00683853,9.324742268,-0.059535938
84.972,0.144766462,-0.028014237,0.000312335,0.006797356,9.324742268,-0.051816093
84.972,0.142219705,-0.022643052,0.000469774,0.011850463,9.324742268,-0.042588178
84.973,0.144766462,-0.022368629,-0.004467468,0.011809375,9.324742268,-0.049343097
84.974,0.142219705,-0.017000712,0.003331413,0.014315486,9.324742268,-0.034181155
84.974,0.144766462,-0.016729659,0.011130127,0.006633193,9.324742268,-0.030198706
84.974,0.144766462,-0.013912803,0.013834129,0.001498142,9.324742268,-0.030273474
84.975,0.142219705,-0.011097775,0.019085193,-0.003636774,9.324742268,-0.026942562
84.976,0.149859977,-0.010832208,0.014147014,-0.003677285,9.324742268,-0.030053792
84.976,0.149859977,-0.002925869,0.009208616,-0.006264767,9.324742268,-0.029981149
84.976,0.149859977,-0.007759398,0.004269963,-0.011399166,9.324742268,-0.047559762
84.977,0.149859977,-0.004952247,0.001878288,-0.013986232,9.324742268,-0.050541247
84.978,0.149859977,-0.007242332,0.002033569,-0.011478824,9.324742268,-0.055517558
84.978,0.149859977,-0.004439399,0.004735781,-0.016612564,9.324742268,-0.058419308
84.978,0.149859977,-0.001638669,0.00743766,-0.016651786,9.324742268,-0.050124505
84.979,0.149859977,-0.001387742,0.010139215,-0.014143594,9.324742268,-0.039792071
84.98,0.149859977,-0.001139094,0.007745905,-0.006540834,9.324742268,-0.026295541
84.98,0.152406734,-0.000892785,0.010446771,-0.004032005,9.324742268,-0.014097563
84.98,0.149859977,-0.000648845,0.008052727,-0.00406997,9.324742268,-0.009488385
84.981,0.142219705,-0.002954905,0.015847317,-0.004107592,9.324742268,0.003225809
84.982,0.142219705,-0.010358578,0.021094208,-0.00414485,9.324742268,0.003458954
84.982,3.376601355,-0.007574474,0.021246144,-0.004181732,9.324742268,0.010844834
94.746,3.381694869,0.013219318,-0.041095205,-0.014266209,9.324742268,-0.004711556
94.747,3.371507841,0.02097168,-0.04141416,-0.014446859,9.324742268,0.005066614
94.748,3.371507841,0.021081388,-0.028995083,-0.01718059,9.324742268,0.020821641
94.748,3.371507841,0.013548418,-0.026763237,-0.019920231,9.324742268,0.016116809
94.748,3.371507841,0.013658208,-0.029624024,-0.027759984,9.324742268,0.006550786
94.749,3.371507841,0.016315615,-0.024841063,-0.025417067,9.324742268,0.017013232
94.75,3.371507841,0.018973049,-0.020056094,-0.030721291,9.324742268,0.023189744
94.75,3.371507841,0.021630514,-0.010174508,-0.028389831,9.324742268,0.035659792
94.75,3.371507841,0.016645276,-0.000290747,-0.028611152,9.324742268,0.034969969
94.751,3.374054598,0.006564897,0.004500737,-0.021196699,9.324742268,0.040232501
94.752,3.371507841,0.004127249,-0.000894489,-0.018882028,9.324742268,0.031860605
94.752,3.374054598,-0.000857964,0.008996239,-0.021667084,9.324742268,0.036513652
94.752,3.366414326,-0.005843196,0.003605881,-0.011721937,9.324742268,0.0361775
94.753,3.371507841,-0.008280874,0.005859835,-0.009423526,9.324742268,0.032834009
94.754,3.368961083,-0.010718587,-0.004619915,-0.004583282,9.324742268,0.023576215
94.754,3.366414326,-0.008061183,0.000186533,0.000251733,9.324742268,0.034163531
94.754,3.366414326,-0.005403812,0.002448437,0.007628729,9.324742268,0.047891327
94.755,3.363867569,-0.005294066,0.00471311,0.022642016,9.324742268,0.060486938
94.756,3.366414326,-0.005184369,0.006980623,0.022367551,9.324742268,0.06458617
94.756,3.368961083,-0.007622305,0.009251044,0.02463529,9.324742268,0.061655815
94.756,3.366414326,-0.004965159,0.014071691,0.021803921,9.324742268,0.060016149
94.757,3.366414326,-0.004855662,0.013800851,0.024062033,9.324742268,0.059027327
94.758,3.366414326,-0.007293828,0.016080351,0.023768323,9.324742268,0.051904824
94.758,3.366414326,-0.009732089,0.015815728,0.026017121,9.324742268,0.046355603
94.758,3.371507841,-0.014718035,0.020648803,0.020620004,9.324742268,0.038612566
94.759,3.374054598,-0.009513787,0.028032388,0.017765569,9.324742268,0.043246799
94.76,3.371507841,-0.01195237,0.027777495,0.007265375,9.324742268,0.027777297
94.76,3.374054598,-0.009295931,0.022431443,0.009496526,9.324742268,0.021371076
94.761,3.371507841,-0.011734795,0.022183345,0.006629221,9.324742268,0.01797488
94.761,3.371507841,-0.0039835,0.01939147,0.011399168,9.324742268,0.024079524
94.762,3.371507841,-0.003875086,0.011508609,0.016165095,9.324742268,0.020560271
94.762,3.381694869,0.001328307,0.011271083,0.020927064,9.324742268,0.021705606
94.762,3.376601355,0.003983927,0.01867893,0.03077941,9.324742268,0.034616664
94.763,3.379148112,0.004091787,0.020995921,0.03808085,9.324742268,0.03718739
94.764,3.376601355,0.004199439,0.025863868,0.047925738,9.324742268,0.045296216
94.764,3.379148112,0.004306876,0.033282829,0.057767021,9.324742268,0.056355517
94.764,3.376601355,0.004414087,0.043252843,0.062510545,9.324742268,0.06061734
94.765,3.371507841,-0.005669229,0.037943174,0.067250662,9.324742268,0.047601122
94.766,3.379148112,-0.005562522,0.047920959,0.077081713,9.324742268,0.064393914
94.766,3.376601355,-0.005456076,0.045166373,0.081815287,9.324742268,0.069783939
94.767,3.376601355,-0.005349913,0.037321215,0.081451466,9.324742268,0.062315489
94.767,3.371507841,-0.00269644,0.042216331,0.083631728,9.324742268,0.069250771
94.768,3.371507841,-0.010233568,0.039473669,0.08326191,9.324742268,0.057411456
94.768,3.376601355,-0.005033123,0.023998766,0.077794975,9.324742268,0.039498021
94.768,3.379148112,-0.002380575,0.018716965,0.06977816,9.324742268,0.025872543
94.769,3.374054598,-0.002275936,0.008344764,0.06175867,9.324742268,0.016677541
94.77,3.371507841,-0.004719203,-0.007117819,0.053736619,9.324742268,-0.000443514
94.77,3.371507841,-0.007162821,-0.022576217,0.030429341,9.324742268,-0.027814492
94.77,3.371507841,-0.007059233,-0.032935914,0.017308192,9.324742268,-0.047135181
94.771,3.371507841,-0.006956012,-0.033102349,0.009279023,9.324742268,-0.055852981
94.772,3.366414326,-0.009400752,-0.033264522,-0.011487929,9.324742268,-0.07420759
94.772,3.366414326,-0.011845881,-0.033422391,-0.016974186,9.324742268,-0.081745779
94.773,3.366414326,-0.014291418,-0.038670439,-0.030103776,9.324742268,-0.099657995
94.773,3.366414326,-0.011642243,-0.049008636,-0.043235222,9.324742268,-0.112681124
94.774,3.371507841,-0.006445924,-0.066984217,-0.058915557,9.324742268,-0.139316525
94.774,3.366414326,-0.003797631,-0.069671869,-0.066956179,9.324742268,-0.145067071
94.774,3.366414326,-0.006244937,-0.07744965,-0.067357011,9.324742268,-0.154439221
94.775,3.366414326,-0.003597565,-0.075033998,-0.065212185,9.324742268,-0.140781658
94.776,3.363867569,-0.003498255,-0.072613949,-0.065615867,9.324742268,-0.132746675
94.776,3.366414326,-0.003399446,-0.062547712,-0.066020835,9.324742268,-0.121841903
94.776,3.366414326,-0.00075358,-0.060118819,-0.063879862,9.324742268,-0.107835675
94.777,3.363867569,-0.000655813,-0.060232735,-0.06428711,9.324742268,-0.108220389
94.778,3.366414326,0.001988989,-0.062889448,-0.057053972,9.324742268,-0.109008496
94.778,3.371507841,0.007180816,-0.052805408,-0.057463116,9.324742268,-0.099392418
94.779,3.371507841,0.002181788,-0.047811411,-0.060420173,9.324742268,-0.104865308
94.779,3.371507841,0.002277329,-0.03517117,-0.055736568,9.324742268,-0.096420052
94.78,3.371507841,0.002372272,-0.02252645,-0.043412187,9.324742268,-0.083842484
94.78,3.371507841,-8.09e-05,-0.004782744,-0.028541173,9.324742268,-0.06309325
94.78,3.371507841,0.00256037,0.012965465,-0.016217669,9.324742268,-0.040777837
94.781,3.379148112,0.002653475,0.020529127,-0.003894448,9.324742268,-0.023653712
94.782,3.376601355,0.005293508,0.023002759,0.010975736,9.324742268,-0.004703543
94.782,3.379148112,0.00793288,0.020386359,0.005468839,9.324742268,-0.001372629
94.782,3.379148112,0.008024018,0.017774441,0.010150466,9.324742268,0.002782722
94.783,3.376601355,0.013209615,0.020261534,0.012285078,9.324742268,0.01212519
94.784,3.379148112,0.015846946,0.032942137,0.022061286,9.324742268,0.035793903
94.784,3.379148112,0.013388423,0.032890913,0.031837803,9.324742268,0.041307434
94.785,3.371507841,0.005834052,0.043033187,0.033973359,9.324742268,0.043938869
94.785,3.368961083,0.00337408,0.04553812,0.033562302,9.324742268,0.036927382
94.786,3.371507841,0.003460936,0.045500228,0.038246109,9.324742268,0.038857456
94.786,3.371507841,0.000999453,0.04546676,0.037836379,9.324742268,0.034854553
94.786,3.371507841,0.006179929,0.040343168,0.039974581,9.324742268,0.041035443
94.787,3.371507841,0.003716904,0.040318469,0.037019442,9.324742268,0.035721021
94.788,3.371507841,0.003800653,0.045392647,0.039159559,9.324742268,0.041889976
94.788,3.368961083,0.003883598,0.045376649,0.05148929,9.324742268,0.054843819
94.788,3.366414326,0.003965715,0.050459486,0.051084579,9.324742268,0.050255316
94.789,3.363867569,0.006594566,0.052999379,0.050681162,9.324742268,0.057324805
94.79,3.366414326,0.006674998,0.047901799,0.047732008,9.324742268,0.052764664
94.79,3.363867569,0.006754577,0.042808516,0.044784341,9.324742268,0.052407752
94.791,3.366414326,0.011928439,0.037719499,0.044385381,9.324742268,0.059738062
94.791,3.366414326,0.00436355,0.035181977,0.03634671,9.324742268,0.051845919
94.792,3.371507841,0.009535634,0.035195925,0.03595117,9.324742268,0.055936119
94.792,3.366414326,0.009611671,0.030119538,0.030463212,9.324742268,0.04105435
94.792,3.363867569,0.004591647,0.025047305,0.022430055,9.324742268,0.035055035
94.793,3.363867569,0.007213411,0.012337425,0.011851792,9.324742268,0.02419905
94.794,3.363867569,0.009834221,-0.000368352,0.001275635,9.324742268,0.0098708
94.794,3.371507841,0.01245407,-0.010522805,-0.00420408,9.324742268,0.00744857
94.794,3.366414326,0.017620517,-0.018125964,-0.014775751,9.324742268,-0.005004243
94.795,3.371507841,0.020238419,-0.015536104,-0.025345067,9.324742268,-0.010717418
94.796,3.371507841,0.020307765,-0.012942287,-0.030817694,9.324742268,-0.009074746
94.796,3.371507841,0.0229237,-0.007797298,-0.036287797,9.324742268,-0.006496895
94.797,3.379148112,0.01534834,-0.015384724,-0.044302427,9.324742268,-0.019565717
94.797,3.376601355,0.01541468,-0.022968289,-0.054861498,9.324742268,-0.034691938
94.798,3.379148112,0.015480001,-0.035642548,-0.070512062,9.324742268,-0.05523914
94.798,3.376601355,0.005354008,-0.053407539,-0.081065542,9.324742268,-0.091209048
94.798,3.368961083,0.007964842,-0.071168783,-0.083974728,9.324742268,-0.100402597
94.799,3.368961083,0.002931909,-0.076190052,-0.086880925,9.324742268,-0.101255665
94.8,3.371507841,-0.002102079,-0.081207691,-0.097425436,9.324742268,-0.106751965
94.8,3.371507841,-0.007137142,-0.093863516,-0.102872571,9.324742268,-0.115342777
94.8,3.371507841,-0.01217329,-0.106515791,-0.113410756,9.324742268,-0.129087888
94.801,3.371507841,-0.012115388,-0.121711797,-0.121398536,9.324742268,-0.149957423
94.802,3.371507841,-0.009511025,-0.124168031,-0.126835836,9.324742268,-0.155333037
94.802,3.371507841,-0.006907777,-0.121526318,-0.127175463,9.324742268,-0.152422535
94.802,3.366414326,-0.017043501,-0.108692213,-0.117323101,9.324742268,-0.146488569
94.803,3.366414326,-0.009347324,-0.103496583,-0.115108565,9.324742268,-0.139749259
94.804,3.363867569,-0.016937714,-0.095750434,-0.105249054,9.324742268,-0.13154155
94.804,3.366414326,-0.019434079,-0.088001075,-0.095385894,9.324742268,-0.122089382
94.804,3.366414326,-0.021931591,-0.07515405,-0.08297188,9.324742268,-0.099352149
94.805,3.366414326,-0.02443024,-0.062303929,-0.065459835,9.324742268,-0.069536135
94.806,3.366414326,-0.024382477,-0.05454526,-0.053038208,9.324742268,-0.047832077
94.806,3.366414326,-0.01924073,-0.0391418,-0.035518424,9.324742268,-0.010310849
94.806,3.363867569,-0.016647727,-0.018640856,-0.020541801,9.324742268,0.020160393
94.807,3.366414326,-0.014055912,-0.000684277,-0.005561174,9.324742268,0.045540644
94.808,3.366414326,-0.01401285,0.007086088,0.004329252,9.324742268,0.054266763
94.808,3.371507841,-0.011423403,0.009764698,0.021865175,9.324742268,0.059434017
94.808,3.366414326,-0.008835167,0.017540524,0.029216765,9.324742268,0.060933045
94.809,3.366414326,-0.008795711,0.02786625,0.039119687,9.324742268,0.07352238
94.81,3.371507841,-0.003662318,0.040741842,0.051573989,9.324742268,0.099552568
94.81,3.371507841,-0.003625289,0.0587145,0.056391242,9.324742268,0.119693499
94.81,3.371507841,-0.001041906,0.071595127,0.063759985,9.324742268,0.134835989
94.811,3.371507841,-0.003554886,0.084478181,0.073680277,9.324742268,0.15456454
94.812,3.371507841,0.001573625,0.097363567,0.083605035,9.324742268,0.179798891
94.812,3.371507841,0.00160576,0.105156719,0.088440061,9.324742268,0.193569213
94.812,3.371507841,0.001636649,0.11295211,0.093279638,9.324742268,0.199632826
94.813,3.371507841,0.001666285,0.123296954,0.08793531,9.324742268,0.201210739
94.814,3.376601355,0.004242245,0.126002172,0.087689899,9.324742268,0.196006351
94.814,3.371507841,0.004269388,0.133804013,0.084902063,9.324742268,0.19345057
94.814,3.376601355,0.001747714,0.131418857,0.082118957,9.324742268,0.178045053
94.815,3.376601355,-0.005870357,0.116299372,0.069152101,9.324742268,0.148368561
94.816,3.376601355,-0.005846952,0.098634529,0.058737136,9.324742268,0.128684538
94.816,3.376601355,-0.010919948,0.080971521,0.048326964,9.324742268,0.098671068
94.816,3.368961083,-0.010899047,0.060763034,0.040468742,9.324742268,0.074235984
94.817,3.371507841,-0.013426962,0.055839802,0.037709618,9.324742268,0.060310952
94.818,3.368961083,-0.013408556,0.058559972,0.032408248,9.324742268,0.056478589
94.818,3.371507841,-0.018486554,0.056187212,0.029658914,9.324742268,0.050865604
94.818,3.371507841,-0.023565808,0.058910476,0.024367383,9.324742268,0.048115746
94.819,3.371507841,-0.018456028,0.056540683,0.011439413,9.324742268,0.045554386
94.82,3.368961083,-0.015895077,0.061814064,0.001063529,9.324742268,0.049086845
94.82,3.363867569,-0.018430531,0.06199426,-0.009307377,9.324742268,0.041282077
94.82,3.366414326,-0.015872088,0.059628465,-0.014579061,9.324742268,0.032909324
94.821,3.366414326,-0.015862468,0.049622081,-0.022392897,9.324742268,0.018163007
94.822,0.139672948,-0.013306527,0.031975044,-0.025107468,9.324742268,0.007384159
94.822,0.139672948,-0.013299415,0.01178181,-0.035458391,9.324742268,-0.014779046
94.822,0.137126191,-0.013293556,-0.008410421,-0.04071002,9.324742268,-0.036655328
94.823,0.139672948,-0.013288935,-0.026054451,-0.045956598,9.324742268,-0.061511154
94.824,0.137126191,-0.013285559,-0.033508545,-0.04865098,9.324742268,-0.07847182
94.824,0.144766462,-0.010735839,-0.028225535,-0.05134033,9.324742268,-0.080260112
94.824,0.142219705,-0.000544625,-0.025489042,-0.043836109,9.324742268,-0.06430309
94.825,0.144766462,0.002002633,-0.020204614,-0.049062447,9.324742268,-0.069297514
94.826,0.144766462,0.004548645,-0.020014094,-0.046642341,9.324742268,-0.068332566
94.826,0.142219705,0.001998277,-0.030012068,-0.046764281,9.324742268,-0.079936942
94.826,0.144766462,0.001994252,-0.040009541,-0.041786916,9.324742268,-0.080078715
94.827,0.144766462,0.007084153,-0.055101097,-0.034257363,9.324742268,-0.076110309
94.828,0.149859977,-0.000565033,-0.057455987,-0.021628503,9.324742268,-0.073478267
94.828,0.149859977,0.001974861,-0.057263313,-0.016635979,9.324742268,-0.071702599
94.828,0.149859977,-0.000581593,-0.051975906,-0.014185559,9.324742268,-0.067720023
94.829,0.149859977,0.001955889,-0.044141118,-0.009183007,9.324742268,-0.052552828
94.83,0.152406734,0.004492191,-0.038853521,-0.006722592,9.324742268,-0.049091076
94.83,0.149859977,0.012122444,-0.036113172,-0.004257196,9.324742268,-0.046856281
94.83,0.14731322,0.014656368,-0.033372862,-0.00178682,9.324742268,-0.047599695
94.831,0.149859977,0.014641546,-0.033179903,0.003235657,9.324742268,-0.048986005
94.832,0.152406734,0.01717313,-0.0329871,-0.001925415,9.324742268,-0.051408131
94.832,0.149859977,0.006965664,-0.025152748,-0.007081536,9.324742268,-0.052290649
94.832,0.149859977,0.004399771,-0.017318679,-0.002044237,9.324742268,-0.033800357
94.833,0.152406734,0.004380307,-0.012032204,0.005545081,9.324742268,-0.020984902
94.834,0.14731322,0.001812144,-0.022029687,0.02078065,9.324742268,-0.014245043
94.834,0.149859977,-0.000757136,-0.016744047,0.030926807,9.324742268,-0.000883891
94.834,0.152406734,-0.005875105,-0.024195207,0.035983547,9.324742268,-0.003937905
94.835,0.152406734,-0.013541754,-0.024005167,0.041045099,9.324742268,-0.005132991
94.836,0.152406734,-0.013566778,-0.021268498,0.041017183,9.324742268,-0.004862363
94.836,0.142219705,-0.013592886,-0.02107977,0.0384469,9.324742268,0.00103336
94.836,0.142219705,-0.005977345,-0.020891779,0.040975598,9.324742268,0.018399053
94.837,0.144766462,-0.013648319,-0.018157313,0.043508997,9.324742268,0.021074307
94.838,0.139672948,-0.016225201,-0.010329162,0.046047083,9.324742268,0.034015011
94.838,0.137126191,-0.016255567,-0.007596417,0.038401291,9.324742268,0.034766473
94.838,0.137126191,-0.016286964,-0.007411854,0.030760119,9.324742268,0.025625026
94.839,0.137126191,-0.018866955,-0.012322782,0.025670682,9.324742268,0.014338389
94.84,0.139672948,-0.013805244,-0.019782005,0.025680033,9.324742268,0.004651009
94.84,0.144766462,-0.0112921,-0.022147797,0.040976662,9.324742268,0.015428868
94.84,0.137126191,-0.011327515,-0.019420198,0.040995017,9.324742268,0.01101598
94.841,0.137126191,-0.011363899,-0.014146537,0.048659175,9.324742268,0.018626655
94.842,0.137126191,-0.011401239,-0.008874125,0.048686348,9.324742268,0.018924535
94.842,0.139672948,-0.008891942,-0.001055744,0.051265003,9.324742268,0.025839241
94.842,0.139672948,-0.01147874,0.009308561,0.056395098,9.324742268,0.038922393
94.843,0.144766462,0.001218977,0.014576979,0.058982364,9.324742268,0.059631831
94.844,3.374054598,-0.001369682,0.014749492,0.056479617,9.324742268,0.060522835
94.844,3.374054598,-0.001411662,0.009826053,0.056528202,9.276923077,0.05583851
94.844,3.374054598,-0.00654966,0.009995644,0.059128055,9.276923077,0.050379041
94.845,3.371507841,-0.004045799,0.012710964,0.061732009,9.276923077,0.057033905
94.846,3.371507841,-0.004090353,0.015424705,0.064340027,9.276923077,0.053142112
94.846,3.374054598,-0.004135754,0.020684072,0.06695206,9.276923077,0.057777168
94.846,3.374054598,-0.006729561,0.023394508,0.072115188,9.276923077,0.06136803
94.847,3.371507841,-0.006776619,0.026103223,0.069640879,9.276923077,0.057901145
94.848,3.374054598,-0.006824469,0.031357443,0.067170462,9.276923077,0.054795553
94.848,3.371507841,-0.001777958,0.041704404,0.057062513,9.276923077,0.061595966
94.848,3.374054598,0.008362936,0.046955034,0.057146843,9.276923077,0.075992362
94.849,3.371507841,0.008312785,0.049656563,0.06232915,9.276923077,0.080004508
94.85,3.379148112,0.005714319,0.047261678,0.057326627,9.276923077,0.073705061
94.85,3.379148112,0.015853,0.049959388,0.06251624,9.276923077,0.089029699
94.85,3.379148112,0.015800675,0.060296905,0.067709426,9.276923077,0.101146813
94.851,3.379148112,0.01320008,0.073179666,0.067811878,9.276923077,0.1105626
94.852,3.379148112,0.013146373,0.080965864,0.06791778,9.276923077,0.124209645
94.852,3.379148112,0.015639579,0.083655469,0.068027073,9.276923077,0.138786598
94.852,3.379148112,0.010489415,0.078701187,0.065592576,9.276923077,0.133405021
94.853,3.379148112,0.00788621,0.0737448,0.06316139,9.276923077,0.126152423
94.854,3.379148112,0.005282404,0.058597258,0.053092082,9.276923077,0.101091807
94.854,3.376601355,0.005225583,0.048542099,0.043025963,9.276923077,0.07987799
94.854,3.379148112,0.007715758,0.038484753,0.038057229,9.276923077,0.075406474
94.855,3.379148112,0.0076578,0.030972459,0.033091559,9.276923077,0.062306283
94.856,3.371507841,0.007599298,0.033646959,0.020487509,9.276923077,0.056067788
94.856,3.376601355,0.015182997,0.015941119,0.012980651,9.276923077,0.037317491
94.856,3.379148112,0.015123479,0.005874795,0.000382433,9.276923077,0.017366443
94.857,3.376601355,0.01506347,-0.004193816,-0.009665824,9.276923077,0.002802456
94.858,3.376601355,0.01245541,-0.019359257,-0.0095228,9.276923077,-0.017450111
94.858,3.379148112,0.012394478,-0.019243478,-0.022112689,9.276923077,-0.028727423
94.858,3.379148112,0.009785547,-0.008941015,-0.021964301,9.276923077,-0.016752669
94.859,3.379148112,0.007176216,-0.003735436,-0.019266207,9.276923077,-0.012250505
94.86,3.381694869,0.00711407,-0.003626783,-0.021659843,9.276923077,-0.016725295
94.86,3.381694869,0.004503983,-0.003520566,-0.024051022,9.276923077,-0.022486733
94.86,3.379148112,-0.000654023,-0.003416806,-0.02643982,9.276923077,-0.028983568
94.861,3.379148112,0.001830338,-0.008410024,-0.02627916,9.276923077,-0.026684401
94.862,3.374054598,0.004314382,-0.008311185,-0.038851853,9.276923077,-0.025545995
94.862,3.376601355,0.001702975,-0.015856594,-0.038686709,9.276923077,-0.030544975
94.862,3.379148112,0.004186428,-0.020857204,-0.043613674,9.276923077,-0.033223432
94.863,3.379148112,0.004122041,-0.018218528,-0.045991431,9.276923077,-0.031604091
94.864,3.376601355,0.004057402,-0.023224097,-0.050914273,9.276923077,-0.043359314
94.864,3.379148112,0.003992542,-0.033326647,-0.048193778,9.276923077,-0.05012116
94.864,3.376601355,0.006475041,-0.033242628,-0.045471378,9.276923077,-0.042738699
94.865,3.381694869,0.003862196,-0.033161059,-0.037652865,9.276923077,-0.04664279
94.866,3.374054598,0.003796758,-0.02798744,-0.034926813,9.276923077,-0.050465666
94.866,3.376601355,0.003731164,-0.022816297,-0.029651898,9.276923077,-0.050977161
94.866,3.379148112,0.003665406,-0.022742159,-0.024375305,9.276923077,-0.049593478
94.867,3.379148112,0.006147094,-0.015028721,-0.011455727,9.276923077,-0.036723098
94.868,3.379148112,0.013723821,-0.01241228,0.001465413,9.276923077,-0.023580714
94.868,3.379148112,0.011110165,-0.002156561,0.011840911,9.276923077,-0.008748753
94.868,3.379148112,0.013591588,0.003002155,0.022217866,9.276923077,0.010990081
94.869,3.376601355,0.010977817,0.005611147,0.027501967,9.276923077,0.021636118
94.87,3.376601355,0.005816444,0.005670429,0.032787413,9.276923077,0.02513058
94.87,3.379148112,0.010845352,0.000632767,0.032979905,9.276923077,0.028919688
94.87,3.376601355,0.008231551,-0.004407323,0.030626522,9.276923077,0.02203717
94.871,3.376601355,0.005617775,-0.014544332,0.030821431,9.276923077,0.010022247
94.872,3.376601355,0.005551602,-0.027230982,0.028470344,9.276923077,-0.00983922
94.872,3.376601355,0.005485487,-0.039920001,0.021026094,9.276923077,-0.026840597
94.872,3.371507841,0.007967025,-0.034780579,0.016129981,9.276923077,-0.025858648
94.873,3.371507841,0.010448664,-0.044927069,0.01378196,9.276923077,-0.038475661
94.874,3.379148112,0.01038284,-0.047434135,0.013981966,9.276923077,-0.047792456
94.874,3.376601355,0.007769568,-0.052490818,0.001447178,9.276923077,-0.071023398
94.874,3.379148112,0.007704008,-0.05500258,0.001648807,9.276923077,-0.070106428
94.875,3.376601355,0.010186186,-0.057516675,-0.003243097,9.276923077,-0.0762083
94.876,3.379148112,0.007573393,-0.057485826,-0.003040097,9.276923077,-0.075233722
94.876,3.379148112,0.010055934,-0.05745728,-0.005383614,9.276923077,-0.070470924
94.876,3.381694869,0.007443539,-0.052336501,-0.005179449,9.276923077,-0.072189563
94.877,3.376601355,0.00483138,-0.049765248,-0.002427688,9.276923077,-0.070096104
94.878,3.379148112,0.00221947,-0.052290743,-0.004769745,9.276923077,-0.077747005
94.878,3.376601355,0.004702981,-0.047176689,-0.007111439,9.276923077,-0.070056749
94.878,3.376601355,0.002091634,-0.054801142,-0.014547082,9.276923077,-0.086111962
94.879,3.376601355,0.002028167,-0.054786015,-0.016888217,9.276923077,-0.083308195
94.88,3.379148112,-0.000582568,-0.05222581,-0.016682032,9.276923077,-0.08239805
94.88,3.376601355,-0.003192963,-0.054762266,-0.013928577,9.276923077,-0.085991268
94.88,3.371507841,-0.000707869,-0.049659055,-0.018816399,9.276923077,-0.081542991
94.881,3.376601355,-0.003317564,-0.03691615,-0.016062777,9.276923077,-0.067137971
94.882,3.379148112,-0.003379304,-0.029269807,-0.018403402,9.276923077,-0.055663588
94.882,3.376601355,-0.003440658,-0.024172734,-0.023291179,9.276923077,-0.054009394
94.883,3.379148112,-0.003501611,-0.01653035,-0.025631912,9.276923077,-0.048955222
94.883,3.379148112,-0.00356216,-0.011437193,-0.022878521,9.276923077,-0.041749822
94.884,3.376601355,0.001472874,-0.003798712,-0.030313777,9.276923077,-0.042955656
94.884,3.379148112,-0.001134354,-0.001256641,-0.037749221,9.276923077,-0.052492893
94.884,3.376601355,-0.001193555,0.003830813,-0.045184908,9.276923077,-0.055620007
94.885,3.379148112,-0.001252281,-0.001272592,-0.04243238,9.276923077,-0.058679348
94.886,3.371507841,-0.003858093,-0.008925055,-0.047321561,9.276923077,-0.073579684
94.886,3.368961083,-0.006463399,-0.019126546,-0.049664001,9.276923077,-0.086767017
94.886,3.379148112,-0.009068192,-0.021687988,-0.054553986,9.276923077,-0.097579798
94.887,3.379148112,-0.001482152,-0.031892907,-0.059444448,9.276923077,-0.105248451
94.888,3.379148112,-0.00153828,-0.031910432,-0.061788285,9.276923077,-0.110041031
94.888,3.376601355,-0.009236561,-0.029382328,-0.066679804,9.276923077,-0.113637138
94.889,3.376601355,-0.001648815,-0.029403072,-0.074119034,9.276923077,-0.11004708
94.889,3.376601355,-0.001703185,-0.026878114,-0.084106012,9.276923077,-0.116102025
94.89,3.376601355,0.000790617,-0.021807416,-0.088999395,9.276923077,-0.116855116
94.89,3.376601355,0.00073747,-0.014190934,-0.093893452,9.276923077,-0.107747794
94.89,3.376601355,0.003232519,-0.01167039,-0.098788212,9.276923077,-0.105028962
94.891,3.379148112,-0.001914509,-0.006603969,-0.103683694,9.276923077,-0.108525209
94.892,3.376601355,0.003129408,-0.006633394,-0.100938545,9.276923077,-0.096462786
94.892,3.379148112,0.003078833,-0.009211373,-0.100741291,9.276923077,-0.089612094
94.892,3.376601355,0.005576487,-0.009243343,-0.108186243,9.276923077,-0.089182145
94.893,3.379148112,0.000432097,-0.006729273,-0.105443539,9.276923077,-0.081792154
94.894,3.374054598,-0.002164018,-0.006763634,-0.105248845,9.276923077,-0.071661145
94.894,3.371507841,-0.002211842,-0.016988174,-0.105055046,9.276923077,-0.078146732
94.895,3.379148112,-0.002258954,-0.019572027,-0.109956427,9.276923077,-0.087104469
94.895,3.379148112,0.00024223,-0.017062407,-0.112311633,9.276923077,-0.084193099
94.896,3.376601355,0.002744133,-0.022195579,-0.107026433,9.276923077,-0.082104984
94.896,3.376601355,0.002699191,-0.019687951,-0.111930752,9.276923077,-0.083537258
94.896,3.379148112,0.000107428,-0.019728522,-0.106647608,9.276923077,-0.089307733
94.897,3.379148112,0.002611569,-0.014675476,-0.096271276,9.276923077,-0.081175616
94.898,3.374054598,0.007664054,-0.001981508,-0.088443181,9.276923077,-0.063736524
94.898,3.376601355,0.012717313,-0.004571906,-0.085710463,9.276923077,-0.058267183
94.898,3.376601355,0.017771349,-0.002068575,-0.082978886,9.276923077,-0.048820172
94.899,3.376601355,0.020278589,0.000434009,-0.080248474,9.276923077,-0.036976451
94.9,3.379148112,0.020239074,-0.002158631,-0.077519233,9.276923077,-0.040327997
94.9,3.379148112,0.020200346,0.000342587,-0.06969693,9.276923077,-0.031065247
94.901,3.376601355,0.020162419,0.00793771,-0.059328692,9.276923077,-0.019261325
94.901,3.376601355,0.015030153,0.005343246,-0.051508804,9.276923077,-0.016379662
94.902,3.379148112,0.009898708,0.012937327,-0.043690172,9.276923077,-0.008931336
94.902,3.376601355,0.009863227,0.0179837,-0.038419916,9.276923077,0.00146883
94.902,3.379148112,0.004733414,0.017935146,-0.035698074,9.276923077,0.002071895
94.903,3.379148112,0.00979475,0.02298071,-0.027883283,9.276923077,0.022038665
94.904,3.379148112,0.01230937,0.020384129,-0.025164058,9.276923077,0.02191148
94.904,3.379148112,0.009729697,0.015239947,-0.024993288,9.276923077,0.018344698
94.904,3.379148112,0.007150894,0.015189989,-0.019729607,9.276923077,0.021671475
94.905,3.379148112,0.007120523,0.015139784,-0.017014395,9.276923077,0.026446513
94.906,3.379148112,0.007091022,0.017636638,-0.011753417,9.276923077,0.035308288
94.906,3.379148112,-0.00058035,0.027775135,-0.003946681,9.276923077,0.047319011
94.907,3.379148112,-0.003155722,0.037913517,0.008952937,9.276923077,0.060512249
94.907,3.368961083,0.001912506,0.035315523,0.014209799,9.276923077,0.064028161
94.908,3.379148112,-0.000661099,0.032717508,0.016918166,9.276923077,0.066725836
94.908,3.371507841,0.001861319,0.032666763,0.01707803,9.276923077,0.075646287
94.908,3.376601355,0.006932195,0.027521557,0.019783632,9.276923077,0.08524195
94.909,3.379148112,-0.00328149,0.030018262,0.022487859,9.276923077,0.09103843
94.91,3.379148112,0.001791143,0.032515157,0.017549315,9.276923077,0.103306404
94.91,3.379148112,-0.003325646,0.04010679,0.015156537,9.276923077,0.103604462
94.91,3.379148112,-0.005893997,0.04005691,0.010215272,9.276923077,0.099289431
94.911,3.376601355,-0.003366334,0.0476491,0.005272631,9.276923077,0.100751271
94.912,3.376601355,-0.00338536,0.047599849,0.002875724,9.276923077,0.092796255
94.912,3.379148112,-0.000855951,0.045003711,0.003024557,9.276923077,0.090198828
94.913,3.371507841,0.001674326,0.032218937,-0.001922221,9.276923077,0.073630199
94.913,3.371507841,-0.000889669,0.024529107,0.000771019,9.276923077,0.063960636
94.914,3.371507841,-0.006000357,0.014292479,0.008557145,9.276923077,0.048608692
94.914,3.371507841,-0.006015037,0.011698142,0.018889047,9.276923077,0.048309919
94.914,3.371507841,-0.006028831,0.011651616,0.029219615,9.276923077,0.057846041
94.915,3.371507841,-0.006041758,0.016700185,0.039548856,9.276923077,0.072211783
94.916,3.374054598,-0.003506254,0.024296646,0.049876772,9.276923077,0.094475806
94.916,3.371507841,-0.006065035,0.024252027,0.052562001,9.276923077,0.100682793
94.916,3.371507841,-0.006075378,0.026755392,0.055245919,9.276923077,0.102433711
94.917,3.371507841,-0.006084866,0.031806772,0.05792855,9.276923077,0.111772639
94.918,3.371507841,-0.003545928,0.034311665,0.063156997,9.276923077,0.121412272
94.918,3.371507841,-0.003553708,0.047006402,0.070931285,9.276923077,0.143545735
94.919,3.371507841,-0.003560631,0.036776648,0.073610046,9.276923077,0.140323153
94.919,3.366414326,-0.003566711,0.034189549,0.073740421,9.276923077,0.136530075
94.92,3.366414326,-0.006119526,0.031603372,0.081510906,9.276923077,0.131254116
94.92,0.142219705,-0.00357638,0.026470875,0.089280168,9.276923077,0.122584766
94.92,0.134579434,-0.003579978,0.034075634,0.089406817,9.276923077,0.121773595
94.921,0.137126191,-0.00613034,0.03149236,0.102267879,9.276923077,0.12508615
94.922,0.137126191,-0.011227471,0.034004628,0.107486369,9.276923077,0.116576271
94.922,0.144766462,-0.00358593,0.039065229,0.1050623,9.276923077,0.120139377
94.922,0.137126191,-0.001038717,0.039032397,0.102637073,9.276923077,0.116458543
94.923,0.137126191,-0.001038285,0.031358906,0.102757817,9.276923077,0.104332053
94.924,0.137126191,0.006605652,0.033875605,0.10542453,9.276923077,0.109492704
94.924,0.139672948,0.006607642,0.031298972,0.110637219,9.276923077,0.113501774
94.925,0.137126191,0.006610412,0.023629003,0.113301627,9.276923077,0.103240997
94.925,0.139672948,0.006613953,0.02105476,0.11851203,9.276923077,0.106795319
94.926,0.137126191,0.001523083,0.01848175,0.123721309,9.276923077,0.106151806
94.926,0.137126191,-0.001019478,0.023551756,0.128929491,9.276923077,0.112270935
94.926,0.137126191,-0.011204025,0.031170283,0.134136584,9.276923077,0.114348259
94.927,0.144766462,-0.016292701,0.018412044,0.134248342,9.276923077,0.106552062
94.928,0.144766462,-0.01628552,0.013296882,0.126717664,9.276923077,0.094010003
94.928,0.142219705,-0.016277627,0.0107303,0.129374446,9.276923077,0.098103158
94.928,0.144766462,-0.016269031,0.003070551,0.121841711,9.276923077,0.08186871
94.929,0.142219705,-0.013712164,-0.004587833,0.114307976,9.276923077,0.066575161
94.93,0.144766462,-0.013702191,-0.007150302,0.101679037,9.276923077,0.048952649
94.93,0.144766462,-0.013691548,-0.014805866,0.091596281,9.276923077,0.033621218
94.93,0.142219705,-0.013680251,-0.017365479,0.084059723,9.276923077,0.026217055
94.931,0.142219705,-0.013668308,-0.017376382,0.06888087,9.276923077,0.014206721
94.932,0.144766462,-0.006013005,-0.019933085,0.056248231,9.276923077,0.017517317
94.932,0.14731322,-0.013642515,-0.027582831,0.043614705,9.276923077,-0.006506052
94.932,0.152406734,-0.00598595,-0.027589327,0.033527437,9.276923077,-0.007433972
94.933,0.149859977,-0.005971498,-0.02504707,0.020892206,9.276923077,-0.011946175
94.934,0.149859977,-0.005956434,-0.025050586,0.018444629,9.276923077,-0.011568387
94.934,0.149859977,-0.005940777,-0.017410824,0.015996225,9.276923077,-0.004428679
94.934,0.144766462,-0.01356728,-0.014864083,0.008452758,9.276923077,-0.015216453
94.935,0.149859977,-0.013550484,-0.014863082,0.00090851,9.276923077,-0.02214403
94.936,0.149859977,-0.013533143,-0.017407818,-0.009183614,9.276923077,-0.027062609
94.936,0.149859977,-0.013515261,-0.025045546,-0.016729352,9.276923077,-0.033573042
94.936,0.152406734,-0.013496859,-0.030134468,-0.021728679,9.276923077,-0.040584597
94.937,0.149859977,-0.013477948,-0.032674584,-0.026728706,9.276923077,-0.047862417
94.938,0.152406734,-0.008363395,-0.035213163,-0.029182312,9.276923077,-0.045067056
94.938,0.149859977,-0.00579593,-0.035202947,-0.036730841,9.276923077,-0.052223344
94.938,0.149859977,-0.003227981,-0.035191203,-0.044280036,9.276923077,-0.056788388
94.939,0.149859977,-0.003207158,-0.035177915,-0.046735623,9.276923077,-0.058129555
94.94,0.152406734,0.001909266,-0.035163096,-0.054286085,9.276923077,-0.055390243
94.94,0.149859977,0.001930986,-0.035146725,-0.056742892,9.276923077,-0.055476013
94.94,0.142219705,-0.000594465,-0.027487001,-0.061747397,9.276923077,-0.059725988
94.941,0.149859977,-0.003119524,-0.022372978,-0.066752442,9.276923077,-0.062171448
94.942,3.381694869,-0.008191759,-0.019804651,-0.069210877,9.276923077,-0.06553262
95.139,3.381694869,0.011599877,-0.111391235,-0.097032667,9.276923077,-0.129202216
95.139,3.379148112,0.009077646,-0.126364967,-0.10434696,9.276923077,-0.142500399
95.14,3.381694869,0.00655615,-0.133694535,-0.111655878,9.276923077,-0.150940897
95.14,3.376601355,0.006582964,-0.13592728,-0.116412359,9.276923077,-0.156781162
95.14,3.379148112,0.006610525,-0.130516001,-0.116069349,9.276923077,-0.1550196
95.141,3.379148112,0.004091239,-0.125102561,-0.102985563,9.276923077,-0.14665787
95.142,3.381694869,0.011762987,-0.122234326,-0.092443834,9.276923077,-0.136478552
95.142,3.379148112,0.016887891,-0.114269577,-0.074255752,9.276923077,-0.116661634
95.142,3.381694869,0.019465969,-0.103755627,-0.050968503,9.276923077,-0.091599206
95.143,3.379148112,0.016949621,-0.083050772,-0.025129294,9.276923077,-0.062694791
95.144,3.379148112,0.016981565,-0.062344111,0.000714684,9.276923077,-0.028904837
95.144,3.379148112,0.011919089,-0.044183002,0.026563346,9.276923077,-0.00170252
95.145,3.379148112,0.006857325,-0.028567536,0.057510838,9.276923077,0.028693077
95.145,3.376601355,0.009438988,-0.015497777,0.083368566,9.276923077,0.063539653
95.146,3.379148112,0.001831058,0.010309739,0.109230688,9.276923077,0.098852921
95.146,3.371507841,0.006961707,0.023382342,0.12745573,9.276923077,0.126642836
95.146,3.374054598,0.004450327,0.026267221,0.14313785,9.276923077,0.133258346
95.147,3.371507841,0.001939634,0.031700601,0.151182684,9.276923077,0.135500829
95.148,3.371507841,0.007072375,0.034587861,0.161778646,9.276923077,0.150225015
95.148,3.371507841,0.009658242,0.040023436,0.169831368,9.276923077,0.174311838
95.148,3.379148112,0.007149646,0.053101756,0.172793625,9.276923077,0.188478309
95.149,3.371507841,0.009736894,0.05344465,0.175759577,9.276923077,0.200197099
95.15,3.379148112,0.012324819,0.058882872,0.176181997,9.276923077,0.210337924
95.15,3.379148112,0.012365854,0.064321819,0.171513653,9.276923077,0.215290069
95.151,3.374054598,0.012407562,0.072308685,0.171942952,9.276923077,0.223749909
95.151,3.371507841,0.009902365,0.075201618,0.164734162,9.276923077,0.216712311
95.152,3.374054598,0.004850265,0.073000524,0.152434293,9.276923077,0.196708754
95.152,3.368961083,-0.000201175,0.065705344,0.137590377,9.276923077,0.17128376
95.152,3.371507841,-0.000156816,0.053316001,0.120202329,9.276923077,0.143401011
95.153,3.371507841,0.002435759,0.046021454,0.102817146,9.276923077,0.127749952
95.154,3.371507841,-6.62e-05,0.028538066,0.087981841,9.276923077,0.105625233
95.154,3.379148112,-1.99e-05,0.018696564,0.065507795,9.276923077,0.084392641
95.154,3.379148112,-0.007615677,0.011402321,0.043036271,9.276923077,0.055582458
95.155,3.374054598,-0.005020547,0.004108023,0.030755664,9.276923077,0.047058504
95.156,3.371507841,0.00012279,-0.010828209,0.008288865,9.276923077,0.027531983
95.156,3.371507841,0.002719191,-0.018122877,-0.003987228,9.276923077,0.009839792
95.157,3.371507841,0.005316207,-0.025417841,-0.026449724,9.276923077,-0.011684663
95.157,3.374054598,0.002818678,-0.035260436,-0.043815998,9.276923077,-0.029714965
95.158,3.371507841,0.000321757,-0.040008961,-0.063727547,9.276923077,-0.04689816
95.158,3.374054598,-0.002174564,-0.054947048,-0.081090241,9.276923077,-0.069537237
95.158,3.371507841,-0.004670307,-0.064791206,-0.093357066,9.276923077,-0.09086647
95.159,3.374054598,-0.009713037,-0.072088793,-0.100528148,9.276923077,-0.108394773
95.16,3.371507841,-0.014755184,-0.074292623,-0.107697858,9.276923077,-0.125824364
95.16,3.371507841,-0.014701612,-0.07904455,-0.112319183,9.276923077,-0.134101092
95.16,3.371507841,-0.014647474,-0.081250142,-0.104203746,9.276923077,-0.12943588
95.161,3.371507841,-0.012045194,-0.086003982,-0.098634441,9.276923077,-0.127400336
95.162,3.371507841,-0.009442357,-0.085664366,-0.098158509,9.276923077,-0.126006099
95.162,3.371507841,-0.006838969,-0.080231374,-0.084946183,9.276923077,-0.107604803
95.163,3.374054598,-0.011877761,-0.072252351,-0.07937459,9.276923077,-0.097566847
95.163,3.371507841,-0.006725716,-0.06172737,-0.07125536,9.276923077,-0.08024166
95.164,3.371507841,-0.01176342,-0.05375103,-0.065682872,9.276923077,-0.080570276
95.164,3.368961083,-0.009157897,-0.045776147,-0.049921616,9.276923077,-0.064963648
95.164,3.374054598,-0.006551865,-0.035255519,-0.029065977,9.276923077,-0.047700291
95.165,3.366414326,-0.003945329,-0.027283758,-0.020945965,9.276923077,-0.036813951
95.166,3.366414326,-0.006433442,-0.014219162,-0.007731828,9.276923077,-0.018596599
95.166,3.366414326,-0.014016207,-0.001156314,0.002934955,9.276923077,-0.004120653
95.166,3.366414326,-0.013955769,0.004262919,0.013601349,9.276923077,0.010435301
95.167,3.366414326,-0.006252121,0.009680262,0.029361504,9.276923077,0.033105194
95.168,3.366414326,-0.008738287,0.004906584,0.02983828,9.276923077,0.02741951
95.168,3.363867569,-0.008676405,0.010319913,0.035408563,9.276923077,0.035933534
95.169,3.366414326,-0.011161631,0.013183882,0.03588372,9.276923077,0.037057585
95.169,3.371507841,-0.00855124,0.018592977,0.036357872,9.276923077,0.045147748
95.17,3.366414326,-0.005940395,0.018905341,0.031736647,9.276923077,0.038877417
95.17,3.363867569,-0.010971837,0.016668156,0.029661297,9.276923077,0.029152615
95.17,3.368961083,-0.010907717,0.024617635,0.032678815,9.276923077,0.035695234
95.171,3.366414326,-0.005748028,0.032564705,0.030600587,9.276923077,0.042569914
95.172,3.366414326,-0.010778234,0.03032025,0.031067864,9.276923077,0.034308838
95.172,3.363867569,-0.010712903,0.030620522,0.041721908,9.276923077,0.037609947
95.172,3.363867569,-0.010647192,0.033465461,0.039638469,9.276923077,0.035658715
95.173,3.374054598,-0.010581101,0.036307744,0.047741557,9.276923077,0.039720782
95.174,3.371507841,-0.007967075,0.041694568,0.053295412,9.276923077,0.047430062
95.174,3.368961083,-0.010447836,0.047078627,0.058847036,9.276923077,0.059218437
95.175,3.374054598,-0.010380664,0.055007109,0.061849178,9.276923077,0.07012324
95.175,3.371507841,-0.005217999,0.060385458,0.064848847,9.276923077,0.074766056
95.176,3.371507841,-0.007697699,0.06576084,0.065298805,9.276923077,0.075098511
95.176,3.371507841,1.32e-05,0.068585952,0.065746052,9.276923077,0.07847741
95.176,3.371507841,8.17e-05,0.068860723,0.06109622,9.276923077,0.079452826
95.177,3.371507841,0.000150573,0.074226876,0.056443439,9.276923077,0.081466062
95.178,3.371507841,-0.004875457,0.082137103,0.051787595,9.276923077,0.083566468
95.178,3.368961083,-0.007353634,0.077307822,0.044581452,9.276923077,0.064557304
95.178,3.371507841,-0.007283965,0.072475292,0.03227778,9.276923077,0.04654062
95.179,3.368961083,-0.009761614,0.059997682,0.019970704,9.276923077,0.024311057
95.18,3.376601355,-0.00459629,0.044969473,0.007660117,9.276923077,0.00222568
95.18,3.379148112,-0.004525883,0.027390603,-0.007201228,9.276923077,-0.029728286
95.18,3.379148112,-0.004455254,0.012355537,-0.022066309,9.276923077,-0.048312787
95.181,3.379148112,0.000710742,-0.000135787,-0.034388115,9.276923077,-0.059391714
95.182,3.376601355,0.003329389,-0.007536148,-0.041619637,9.276923077,-0.065069992
95.182,3.376601355,0.003400666,-0.012392834,-0.048855246,9.276923077,-0.073980861
95.182,3.376601355,0.003472138,-0.019800423,-0.058642176,9.276923077,-0.088994196
95.183,3.371507841,0.003543792,-0.034853508,-0.068433415,9.276923077,-0.106347196
95.184,3.371507841,0.003615629,-0.047363076,-0.078229103,9.276923077,-0.121982791
95.184,3.371507841,0.008782754,-0.059876427,-0.095670716,9.276923077,-0.141658691
95.184,3.371507841,0.006307308,-0.072393603,-0.105475598,9.276923077,-0.156275787
95.185,3.371507841,-0.001263145,-0.082367421,-0.112738134,9.276923077,-0.172411498
95.186,3.371507841,-0.001190752,-0.0897979,-0.135288306,9.276923077,-0.190373914
95.186,3.371507841,-0.003665821,-0.097232317,-0.147654972,9.276923077,-0.204514056
95.186,3.379148112,-0.001045635,-0.107217956,-0.157479576,9.276923077,-0.215970558
95.187,3.379148112,-0.000972943,-0.119754864,-0.169856493,9.276923077,-0.234210307
95.188,3.376601355,0.001647409,-0.122106773,-0.172050204,9.276923077,-0.235048052
95.188,3.376601355,0.00172025,-0.119368228,-0.179343548,9.276923077,-0.240274692
95.188,3.379148112,-0.000754433,-0.121728296,-0.176453867,9.276923077,-0.238387001
95.189,3.376601355,0.001866057,-0.126639752,-0.181211155,9.276923077,-0.238913314
95.19,3.376601355,-0.005703724,-0.129008114,-0.175785633,9.276923077,-0.242181494
95.19,3.376601355,-0.005630765,-0.131380649,-0.160177384,9.276923077,-0.232346389
95.19,3.379148112,-0.005557831,-0.133757382,-0.157310632,9.276923077,-0.230289295
95.191,3.376601355,-0.008032482,-0.13359109,-0.151902709,9.276923077,-0.230914555
95.192,3.371507841,-0.000316858,-0.13088177,-0.146500842,9.276923077,-0.217339692
95.192,3.376601355,-0.000244005,-0.125629471,-0.13855799,9.276923077,-0.208334496
95.192,3.376601355,-0.00017121,-0.11273969,-0.130621364,9.276923077,-0.196395967
95.193,3.379148112,-9.85e-05,-0.097306971,-0.117596797,9.276923077,-0.172150805
95.194,3.379148112,-0.010216136,-0.076784064,-0.102031482,9.276923077,-0.144646557
95.194,3.374054598,-0.012691167,-0.061359996,-0.091566869,9.276923077,-0.124342761
95.194,3.371507841,-0.010071167,-0.043393017,-0.081108796,9.276923077,-0.097316703
95.195,3.371507841,0.000191422,-0.033072163,-0.065563083,9.276923077,-0.069580701
95.196,3.371507841,-0.004831558,-0.025302949,-0.052571188,9.276923077,-0.056184734
95.196,3.371507841,-0.004759536,-0.01753813,-0.042133205,9.276923077,-0.045005943
95.196,3.371507841,-0.00723525,-0.014872225,-0.031702084,9.276923077,-0.040162288
95.197,3.371507841,-0.007163575,-0.007116203,-0.031466393,9.276923077,-0.030600153
95.198,3.371507841,0.00055061,0.000635415,-0.028690559,9.276923077,-0.011947919
95.198,3.366414326,-0.001925737,0.000740859,-0.015733265,9.276923077,-0.005563696
95.198,3.363867569,-0.004402321,0.018672733,-0.010424464,9.276923077,0.012365564
95.199,3.371507841,-0.006879152,0.028958433,-0.010217089,9.276923077,0.017255755
95.2,3.371507841,-0.011903838,0.031597934,-0.002375568,9.276923077,0.01960651
95.2,3.368961083,-0.009286071,0.041874796,0.005458641,9.276923077,0.034697489
95.2,3.363867569,-0.009216158,0.057241757,0.013285503,9.276923077,0.053365892
95.201,3.371507841,-0.00914654,0.075151563,0.021104929,9.276923077,0.071363554
95.202,3.371507841,-0.011624797,0.090509699,0.03655827,9.276923077,0.090453943
95.202,3.366414326,-0.009008228,0.105863437,0.046909834,9.276923077,0.112674688
95.202,3.371507841,-0.006392007,0.11611826,0.052159593,9.276923077,0.129586578
95.203,3.371507841,-0.00632372,0.123821433,0.054854621,9.276923077,0.137357765
95.204,3.371507841,-0.008803365,0.126425705,0.054994876,9.276923077,0.140272682
95.204,3.371507841,-0.016378553,0.129025615,0.055127438,9.276923077,0.138238897
95.204,3.371507841,-0.011216277,0.123979403,0.052705144,9.276923077,0.133637381
95.205,3.371507841,-0.008602015,0.124023364,0.060463585,9.276923077,0.141228537
95.206,3.371507841,-0.011083339,0.118968474,0.055478576,9.276923077,0.129524257
95.206,3.371507841,-0.013565134,0.124098301,0.055579977,9.276923077,0.131427456
95.206,3.371507841,-0.010952257,0.121582039,0.053126379,9.276923077,0.124915517
95.207,3.368961083,-0.010887446,0.121608735,0.048117771,9.276923077,0.123496303
95.208,3.371507841,-0.013370715,0.113989363,0.045648369,9.276923077,0.111105365
95.208,3.368961083,-0.018402073,0.108912984,0.038076767,9.276923077,0.095276685
95.208,3.374054598,-0.010696096,0.096190587,0.030497189,9.276923077,0.089797615
95.209,3.368961083,-0.005538243,0.08091672,0.02800384,9.276923077,0.081906801
95.21,3.371507841,-0.010571272,0.063091413,0.022955339,9.276923077,0.061031175
95.21,3.371507841,-0.005414587,0.050356445,0.022993038,9.276923077,0.058168459
95.21,3.374054598,-0.005353648,0.029975553,0.020475522,9.276923077,0.038126097
95.211,3.379148112,0.004896977,0.022326844,0.012855664,9.276923077,0.036433548
95.212,3.376601355,0.004956677,0.017221306,0.010321939,9.276923077,0.028368389
95.212,3.376601355,0.005015724,0.007017187,-0.002408425,9.276923077,0.005256342
95.212,3.379148112,0.005074121,0.006998052,-0.012599833,9.276923077,-0.000661665
95.213,3.379148112,0.002584282,0.009522136,-0.017705141,9.276923077,-0.000911378
95.214,3.376601355,9.37e-05,0.009494961,-0.025365753,9.276923077,-0.012293685
95.214,3.379148112,-0.0049451,0.006916536,-0.035581651,9.276923077,-0.029746238
95.214,0.149859977,-0.002341941,0.006881416,-0.035617227,9.276923077,-0.024706117
95.215,0.14731322,-0.002287097,0.006842372,-0.053490836,9.276923077,-0.041750934
95.216,0.149859977,0.000314557,0.004252181,-0.050995599,9.276923077,-0.031033061
95.216,0.149859977,-0.004727295,-0.00088912,-0.063791272,9.276923077,-0.053255629
95.216,0.149859977,0.008063093,-0.008581486,-0.066406589,9.276923077,-0.04701209
95.217,0.152406734,0.013209952,-0.013730357,-0.071577169,9.276923077,-0.058220779
95.218,0.149859977,0.008165696,-0.023977459,-0.079303008,9.276923077,-0.081022735
95.218,0.149859977,0.013310904,-0.031680969,-0.074301337,9.276923077,-0.082595092
95.218,0.149859977,0.013360106,-0.031746327,-0.069307756,9.276923077,-0.070250631
95.219,0.149859977,0.008313297,-0.021626243,-0.07451077,9.276923077,-0.071490315
95.22,0.142219705,0.010908324,-0.016604244,-0.072080493,9.276923077,-0.057478368
95.22,0.142219705,0.00840731,-0.009038525,-0.069658276,9.276923077,-0.052216859
95.22,0.142219705,0.011000534,-0.004023554,-0.069791215,9.276923077,-0.049056484
95.221,0.144766462,0.013592823,-0.00410656,-0.067385037,9.276923077,-0.044161761
95.222,0.144766462,0.013636586,0.003448784,-0.059892583,9.276923077,-0.029680159
95.222,0.144766462,0.011131832,0.008453491,-0.060049441,9.276923077,-0.020252491
95.222,0.144766462,0.011173678,0.01854937,-0.055119966,9.276923077,-0.002204327
95.223,0.14731322,0.011214534,0.026094698,-0.052745488,9.276923077,0.003488585
95.224,0.144766462,0.013801944,0.033636789,-0.047831702,9.276923077,0.018063662
95.224,0.144766462,0.013840757,0.033533924,-0.042925675,9.276923077,0.021292066
95.224,0.142219705,0.013878519,0.025786171,-0.035480228,9.276923077,0.017117281
95.225,0.144766462,0.013915221,0.018035381,-0.030589574,9.276923077,0.012855044
95.226,0.144766462,0.011403285,0.007734318,-0.025706538,9.276923077,0.008576381
95.226,0.144766462,0.011437845,0.0025248,-0.018283965,9.276923077,0.009257828
95.226,0.142219705,0.008923734,-0.005234881,-0.010868938,9.276923077,-0.000208645
95.227,0.144766462,0.006408516,-0.002808409,0.006727094,9.276923077,0.011507938
95.228,0.144766462,0.008987328,-0.002932032,0.031957063,9.276923077,0.035490524
95.228,0.144766462,0.009017455,0.007130613,0.049538266,9.276923077,0.061488463
95.228,0.144766462,0.003951285,0.014643268,0.064565037,9.276923077,0.078132811
95.229,0.142219705,0.006526681,0.019605989,0.07958453,9.276923077,0.092807916
95.23,0.142219705,0.011648482,0.024566098,0.089502543,9.276923077,0.102064597
95.23,0.144766462,0.004031238,0.026976376,0.104507652,9.276923077,0.109834508
95.23,0.142219705,0.004055516,0.029384141,0.111864322,9.276923077,0.116744793
95.231,0.14731322,0.004078592,0.029242188,0.124308226,9.276923077,0.127610024
95.232,0.144766462,0.00410044,0.029097841,0.129103796,9.276923077,0.127708659
95.232,0.14731322,0.001573483,0.026403899,0.138986732,9.276923077,0.130004571
95.232,0.142219705,0.006687982,0.021160414,0.146315744,9.276923077,0.133124334
95.233,0.144766462,0.001610904,0.021009219,0.151090892,9.276923077,0.127411075
95.234,0.142219705,0.001627685,0.015761317,0.158406496,9.276923077,0.121875845
95.234,0.142219705,0.001643182,0.010511288,0.158074138,9.276923077,0.114492934
95.234,0.142219705,0.001657372,0.012900963,0.160282399,9.276923077,0.112266173
95.235,0.142219705,-0.000877316,0.017835883,0.162484234,9.276923077,0.121913742
95.236,0.144766462,0.001681802,0.022768846,0.16467974,9.276923077,0.13094625
95.236,3.374054598,0.004239576,0.025152656,0.156680502,9.276923077,0.132536087
95.618,3.368961083,-0.003542984,-0.043861071,-0.022551055,9.373056995,-0.041583364
95.619,3.368961083,-0.00360248,-0.033595171,-0.01472694,9.373056995,-0.029481157
95.62,3.366414326,-0.003663174,-0.023325345,0.003286247,9.373056995,-0.011452923
95.62,3.366414326,-0.00882021,-0.015598895,0.011111447,9.373056995,-0.000440959
95.62,3.366414326,-0.006335696,-0.002774032,0.018937127,9.373056995,0.014900718
95.621,3.366414326,-0.006399912,0.007507466,0.014027629,9.373056995,0.02260927
95.622,3.368961083,-0.009012842,0.015245583,0.019307045,9.373056995,0.031929783
95.622,3.366414326,-0.009079322,0.022987578,0.01949257,9.373056995,0.036777265
95.622,3.371507841,-0.004051752,0.033280672,0.024772671,9.373056995,0.053050181
95.623,3.366414326,-0.004120401,0.051219325,0.032600161,9.373056995,0.076685213
95.624,3.366414326,-0.004190104,0.0640672,0.037880738,9.373056995,0.092403794
95.624,3.363867569,-0.001713261,0.074371538,0.043161474,9.373056995,0.10433357
95.624,3.363867569,-0.004332577,0.077037791,0.045895222,9.373056995,0.106147262
95.625,3.366414326,-0.004405345,0.087349491,0.048629053,9.373056995,0.109355347
95.626,3.366414326,-0.004479088,0.084928533,0.059004286,9.373056995,0.107497217
95.626,3.368961083,-0.004553806,0.077416675,0.069379505,9.373056995,0.107623868
95.626,3.366414326,-0.00462948,0.06990838,0.079754676,9.373056995,0.112799602
95.627,3.366414326,-0.009801223,0.067498124,0.085035488,9.373056995,0.115605272
95.628,3.371507841,-0.007331146,0.067638612,0.085221912,9.373056995,0.119145574
95.628,3.366414326,-0.00486197,0.062688029,0.082861032,9.373056995,0.117685821
95.628,3.366414326,-0.015131525,0.070477169,0.083047066,9.373056995,0.121532842
95.629,3.366414326,-0.010116491,0.065533427,0.075591467,9.373056995,0.11818272
95.63,3.366414326,-0.010197453,0.063140351,0.068135573,9.373056995,0.114860118
95.63,3.368961083,-0.007731658,0.060750625,0.053037956,9.373056995,0.102052268
95.63,3.366414326,-0.010361805,0.050722414,0.053222719,9.373056995,0.092327611
95.631,3.366414326,-0.005349994,0.040697439,0.043218542,9.373056995,0.076232571
95.632,3.366414326,-0.005434076,0.033222927,0.03066676,9.373056995,0.060075815
95.632,3.366414326,-0.005518862,0.020657072,0.018114453,9.373056995,0.03268809
95.633,3.366414326,-0.018342226,0.013188859,0.008108678,9.373056995,0.005150732
95.633,3.368961083,-0.015880832,0.005723725,-0.004444838,9.373056995,-0.010843321
95.634,3.366414326,-0.018515233,-0.006832886,-0.01445191,9.373056995,-0.031576042
95.634,3.366414326,-0.01605512,-0.01174473,-0.021912571,9.373056995,-0.041744231
95.634,3.363867569,-0.013595634,-0.016653627,-0.031921119,9.373056995,-0.052032253
95.635,3.366414326,-0.011136737,-0.019012365,-0.039383354,9.373056995,-0.063281427
95.636,3.366414326,-0.013773569,-0.023915508,-0.049393579,9.373056995,-0.080682712
95.636,3.368961083,-0.013863385,-0.026268588,-0.059404696,9.373056995,-0.091067404
95.636,3.366414326,-0.008858605,-0.031166176,-0.06941675,9.373056995,-0.108011884
95.637,3.366414326,-0.006401911,-0.036061033,-0.071788402,9.373056995,-0.109004264
95.638,3.366414326,-0.006493289,-0.03076413,-0.066519692,9.373056995,-0.09675939
95.638,3.366414326,-0.006585147,-0.030559055,-0.061252014,9.373056995,-0.079462884
95.639,3.366414326,-0.006677466,-0.027804082,-0.058532535,9.373056995,-0.075171621
95.639,3.366414326,-0.006770216,-0.025046532,-0.055814171,9.373056995,-0.075094281
95.64,3.366414326,-0.006863377,-0.027380996,-0.06073834,9.373056995,-0.081815443
95.64,3.366414326,-0.006956922,-0.029713003,-0.063116568,9.373056995,-0.086762353
95.64,3.366414326,-0.007050832,-0.03968441,-0.062948892,9.373056995,-0.098345106
95.641,3.366414326,-0.004597535,-0.054747987,-0.062782494,9.373056995,-0.109762329
95.642,3.366414326,-0.00723972,-0.064714762,-0.062617408,9.373056995,-0.124939163
95.642,3.366414326,-0.007334641,-0.069584779,-0.065000801,9.373056995,-0.13849134
95.642,3.363867569,-0.004882269,-0.066810841,-0.062291351,9.373056995,-0.134085411
95.643,3.371507841,-0.002430169,-0.071676556,-0.067224721,9.373056995,-0.140966466
95.644,3.368961083,-0.005073461,-0.066351181,-0.064518206,9.373056995,-0.130563078
95.644,3.371507841,-0.005169418,-0.058476547,-0.072001724,9.373056995,-0.129149919
95.645,3.368961083,-0.005265596,-0.045505444,-0.069298326,9.373056995,-0.113639325
95.645,3.371507841,-0.000266817,-0.040174214,-0.069143673,9.373056995,-0.108428246
95.646,3.368961083,-0.008006088,-0.027199368,-0.06644356,9.373056995,-0.107559371
95.646,3.374054598,-0.000460084,-0.016769984,-0.045915261,9.373056995,-0.076763459
95.646,3.368961083,-0.01074723,0.001302899,-0.033030062,9.373056995,-0.052628097
95.647,3.371507841,-0.010844189,0.02447196,-0.012505252,9.373056995,-0.014126998
95.648,3.371507841,-0.010941233,0.040000856,0.000376374,9.373056995,0.010157513
95.648,3.371507841,-0.013585908,0.045342296,0.003067643,9.373056995,0.009659188
95.648,3.371507841,-0.013683055,0.040496211,0.00830414,9.373056995,-0.002830537
95.649,3.371507841,-0.008685091,0.028009809,0.010991588,9.373056995,-0.010384143
95.65,3.371507841,-0.006234715,0.020619315,0.011129919,9.373056995,-0.014974226
95.65,3.371507841,0.0038584,0.023419184,0.011266235,9.373056995,-0.009140765
95.651,3.374054598,0.001213681,0.018578529,0.013947614,9.373056995,-0.008287261
95.651,3.376601355,0.001116595,0.016286322,0.011532643,9.373056995,-0.009579466
95.652,3.379148112,0.001019575,0.01908974,0.004021288,9.373056995,-0.012618066
95.652,3.376601355,-0.001624927,0.024441508,-0.000945125,9.373056995,-0.0122565
95.652,3.379148112,-0.001721732,0.019605254,-0.008460868,9.373056995,-0.017441107
95.653,3.379148112,0.000729169,0.009675421,-0.013431719,9.373056995,-0.021672581
95.654,3.376601355,-0.001914947,-0.002800789,-0.015857723,9.373056995,-0.032557041
95.654,3.379148112,-0.00201134,-0.012728921,-0.01828603,9.373056995,-0.039171678
95.654,3.376601355,0.000440019,-0.012467279,-0.018169564,9.373056995,-0.035970267
95.655,3.374054598,0.002891569,-0.01220498,-0.020602629,9.373056995,-0.034867726
95.656,3.381694869,0.00024818,-0.006847561,-0.020490986,9.373056995,-0.039886421
95.656,3.376601355,0.000152607,-0.006584141,-0.017834669,9.373056995,-0.038142713
95.657,3.379148112,0.002604849,-0.001225741,-0.025369342,9.373056995,-0.03348913
95.657,3.376601355,0.002509768,-0.000961458,-0.030359426,9.373056995,-0.03551468
95.658,3.379148112,-0.000132612,-0.005791359,-0.03535207,9.373056995,-0.042777985
95.658,3.376601355,-0.005322272,-0.01316823,-0.042894421,9.373056995,-0.055362146
95.658,3.381694869,-0.005416471,-0.028186659,-0.040250899,9.373056995,-0.0604278
95.659,3.376601355,-0.002962783,-0.033015923,-0.050345654,9.373056995,-0.065632287
95.66,3.379148112,-0.003056328,-0.035297857,-0.047707466,9.373056995,-0.057972554
95.66,3.371507841,0.001945621,-0.037579792,-0.042524879,9.373056995,-0.047393003
95.66,3.379148112,0.004400361,-0.03476726,-0.044986424,9.373056995,-0.043331796
95.661,3.376601355,0.001760326,-0.026860307,-0.044903618,9.373056995,-0.034541314
95.662,3.376601355,-0.003426878,-0.026595268,-0.044823617,9.373056995,-0.035950543
95.662,3.376601355,0.004124211,-0.023783166,-0.042199323,9.373056995,-0.022268757
95.663,3.376601355,0.006580573,-0.026065877,-0.042124998,9.373056995,-0.017559283
95.663,3.379148112,0.003942237,-0.020707182,-0.042053538,9.373056995,-0.012852656
95.664,3.379148112,0.001304356,-0.022990712,-0.039437857,9.373056995,-0.005783801
95.664,3.379148112,0.006309653,-0.025274738,-0.034277965,9.373056995,0.006836246
95.664,3.379148112,0.008767848,-0.027559331,-0.034215262,9.373056995,0.012959801
95.665,3.379148112,0.001036236,-0.027297294,-0.026514131,9.373056995,0.013208207
95.666,3.379148112,0.000947845,-0.032130474,-0.021363125,9.373056995,0.013592658
95.666,3.376601355,0.000859977,-0.026775368,-0.02130937,9.373056995,0.016244713
95.666,3.371507841,0.010962942,-0.029062858,-0.016164386,9.373056995,0.026257017
95.667,3.371507841,0.010876156,-0.023709465,-0.018663833,9.373056995,0.028915517
95.668,3.371507841,0.010789918,-0.015809763,-0.008430729,9.373056995,0.040438974
95.668,3.371507841,0.010704252,-0.013005591,0.011987786,9.373056995,0.058095543
95.669,3.376601355,0.008071587,-0.005107949,0.017120427,9.373056995,0.061508535
95.669,3.381694869,0.007987068,-0.002305948,0.03243845,9.373056995,0.075171349
95.67,3.379148112,0.010450701,0.005589383,0.037564813,9.373056995,0.089581383
95.67,3.379148112,0.010367339,0.013483444,0.037593775,9.373056995,0.093236457
95.67,3.371507841,0.010284563,0.018828935,0.045260941,9.373056995,0.108369075
95.671,3.371507841,0.007654816,0.019078536,0.058019158,9.373056995,0.117139014
95.672,3.371507841,0.002478113,0.026968499,0.068227064,9.373056995,0.123398984
95.672,3.371507841,0.002397178,0.032309693,0.083526032,9.373056995,0.139138013
95.672,3.371507841,0.002316884,0.045291111,0.096274666,9.373056995,0.15229358
95.673,3.371507841,0.007332375,0.055723648,0.103925844,9.373056995,0.165376201
95.674,3.368961083,0.007253371,0.068701752,0.121762285,9.373056995,0.182697279
95.674,3.371507841,0.007175022,0.074036348,0.12940698,9.373056995,0.191082034
95.675,3.363867569,0.007097336,0.084463679,0.139595545,9.373056995,0.203286133
95.675,3.371507841,0.001925168,0.08470013,0.139592325,9.373056995,0.199334197
95.676,3.363867569,-0.008341489,0.084934664,0.142132946,9.373056995,0.190794394
95.676,3.366414326,-0.013512336,0.085167226,0.134481775,9.373056995,0.180940276
95.676,3.366414326,-0.011039805,0.087945012,0.126827303,9.373056995,0.178660687
95.677,3.371507841,-0.006019034,0.077984424,0.116622391,9.373056995,0.165345018
95.678,3.363867569,-0.003545166,0.06802169,0.103867049,9.373056995,0.149863707
95.678,3.366414326,-0.00107062,0.058056766,0.088561292,9.373056995,0.127162619
95.678,3.363867569,0.001404585,0.04554237,0.073252226,9.373056995,0.10129986
95.679,3.371507841,-0.00121467,0.038120234,0.057939863,9.373056995,0.081488699
95.68,3.371507841,-0.001285668,0.025601248,0.045171323,9.373056995,0.057707307
95.68,3.371507841,0.003739177,0.013079882,0.034946615,9.373056995,0.041830358
95.68,3.371507841,0.001121998,0.003103335,0.017077211,9.373056995,0.019120204
95.681,3.371507841,-0.001494476,-0.001781201,0.006845875,9.373056995,0.006695891
95.682,3.371507841,-0.001562691,-0.004121036,-0.003388775,9.373056995,-0.008743741
95.682,3.371507841,-0.00163019,-0.006463464,-0.021268118,9.373056995,-0.026780779
95.682,3.371507841,0.000850571,-0.016450345,-0.028962249,9.373056995,-0.034715904
95.683,3.366414326,0.003332008,-0.026439943,-0.044301053,9.373056995,-0.054984649
95.684,3.366414326,0.005814132,-0.033885049,-0.049454657,9.373056995,-0.054373838
95.684,3.366414326,0.005749384,-0.043880195,-0.057158705,9.373056995,-0.066731102
95.684,3.366414326,0.003137763,-0.053878177,-0.057224678,9.373056995,-0.079109396
95.685,3.371507841,0.005621975,-0.058784535,-0.049652596,9.373056995,-0.080016828
95.686,3.363867569,0.003011728,-0.066241102,-0.042083818,9.373056995,-0.090309105
95.686,3.371507841,-0.00469299,-0.063511633,-0.029424089,9.373056995,-0.087326483
95.686,3.366414326,-0.009849457,-0.053143456,-0.021861899,9.373056995,-0.076285192
95.687,3.371507841,-0.007362538,-0.0529674,-0.014302987,9.373056995,-0.069252659
95.688,3.371507841,-0.009970104,-0.040058179,-0.004200217,9.373056995,-0.057301194
95.688,3.371507841,-0.007481848,-0.032246626,0.000805048,9.373056995,-0.046910434
95.688,3.371507841,-0.004992925,-0.02443826,0.010901316,9.373056995,-0.033226883
95.689,3.371507841,-0.002503347,-0.026822157,0.020994356,9.373056995,-0.027594942
95.69,3.374054598,-0.002560695,-0.024114795,0.025989946,9.373056995,-0.02238755
95.69,3.371507841,-6.98e-05,-0.018863451,0.03607657,9.373056995,-0.007350465
95.69,3.371507841,0.002421711,-0.013615471,0.041065777,9.373056995,0.005623963
95.691,3.371507841,0.004913875,-0.005823609,0.04605183,9.373056995,0.006707158
95.692,3.371507841,0.002311516,-0.003129669,0.04594049,9.373056995,0.000766425
95.692,3.371507841,-0.002837786,0.007202646,0.050920296,9.373056995,0.004323717
95.692,3.371507841,-0.002891314,0.017531497,0.053349877,9.373056995,0.01225894
95.693,3.371507841,-0.00294423,0.022762337,0.055776367,9.373056995,0.017126008
95.694,3.371507841,-0.002996537,0.022895125,0.053105545,9.373056995,0.011474654
95.694,0.142219705,-0.000500679,0.020477083,0.050431683,9.373056995,0.006832147
95.694,0.142219705,0.001995782,0.020602678,0.050301931,9.373056995,0.00957274
95.695,0.144766462,-0.000602329,0.01817736,0.050169204,9.373056995,0.005395611
95.696,0.14731322,-0.000652319,0.025937403,0.055127765,9.373056995,0.016926493
95.696,0.14731322,-0.000701755,0.028599245,0.065177629,9.373056995,0.033365869
95.696,0.142219705,-0.00075064,0.038899162,0.072677445,9.373056995,0.040688252
95.697,0.142219705,-0.003346568,0.051742626,0.077627246,9.373056995,0.05476135
95.698,0.137126191,0.004248328,0.05694053,0.082574164,9.373056995,0.073424953
95.698,0.144766462,0.001653435,0.057040112,0.082423971,9.373056995,0.072479073
95.698,0.142219705,-0.000940956,0.067324888,0.0797238,9.373056995,0.077255799
95.699,0.137126191,0.004107856,0.075058544,0.084662185,9.373056995,0.08535656
95.7,0.137126191,0.004062013,0.082788326,0.081956382,9.373056995,0.086803815
95.7,0.139672948,0.004016652,0.093061474,0.079247802,9.373056995,0.089049562
95.7,0.137126191,0.003971732,0.09568891,0.073989359,9.373056995,0.08747603
95.701,0.137126191,-0.003715475,0.093217886,0.061086823,9.373056995,0.068491005
95.702,0.139672948,-0.003759516,0.085648394,0.043087346,9.373056995,0.046044348
95.702,0.144766462,-0.003803124,0.075527703,0.027632347,9.373056995,0.024352889
95.702,0.137126191,0.006343971,0.052666751,0.012174741,9.373056995,0.001581498
95.703,0.139672948,0.011396303,0.027254551,-0.003285452,9.373056995,-0.029194919
95.704,0.14731322,0.001163581,0.004385602,-0.023842454,9.373056995,-0.06485088
95.704,0.139672948,0.003669098,-0.010845585,-0.029119215,9.373056995,-0.073021474
95.704,0.144766462,0.011270118,-0.023533534,-0.039492695,9.373056995,-0.082321572
95.705,0.14731322,0.011228735,-0.038772785,-0.049868599,9.373056995,-0.097404337
95.706,0.149859977,0.008640099,-0.048921543,-0.060246889,9.373056995,-0.115507695
95.706,0.149859977,0.006051784,-0.061621589,-0.068080411,9.373056995,-0.130102474
95.706,0.149859977,0.006011331,-0.074325684,-0.078463399,9.373056995,-0.139029327
95.707,0.152406734,0.008518757,-0.07939206,-0.091395804,9.373056995,-0.139360793
95.708,0.142219705,0.005931317,-0.087009751,-0.096689093,9.373056995,-0.148322492
95.708,0.142219705,0.010986855,-0.092084257,-0.101984616,9.373056995,-0.149490747
95.708,0.14731322,0.013495063,-0.094615567,-0.102188088,9.373056995,-0.151224102
95.709,0.142219705,0.005813222,-0.099698184,-0.104940849,9.373056995,-0.165670734
95.71,0.149859977,0.008321898,-0.094595823,-0.107695729,9.373056995,-0.158117334
95.71,0.149859977,0.010830785,-0.08949752,-0.097717068,9.373056995,-0.135808934
95.71,0.149859977,0.015887434,-0.084403307,-0.095381821,9.373056995,-0.128894315
95.711,0.149859977,0.013301528,-0.076765928,-0.093048581,9.373056995,-0.118600837
95.712,0.149859977,0.005620635,-0.071679894,-0.088170153,9.373056995,-0.123383356
95.712,0.149859977,0.005582599,-0.066597938,-0.07819938,9.373056995,-0.111479868
95.712,0.149859977,0.002997113,-0.066614565,-0.073324713,9.373056995,-0.101358147
95.713,0.152406734,0.002959305,-0.064087981,-0.068451862,9.373056995,-0.088260594
95.714,0.142219705,0.005469143,-0.069207219,-0.066127908,9.373056995,-0.095381295
95.714,0.142219705,0.002883904,-0.064141469,-0.056164298,9.373056995,-0.085455544
95.714,0.144766462,0.005393891,-0.056532502,-0.043655243,9.373056995,-0.06675971
95.715,3.376601355,0.002808812,-0.04638029,-0.03624207,9.373056995,-0.057519567
95.716,3.374054598,0.005318918,-0.031137559,-0.016094852,9.373056995,-0.032611063
95.716,3.374054598,0.00273389,-0.020993335,-0.013779049,9.373056995,-0.024542611
95.716,3.366414326,0.002696428,-0.008305821,-0.003823359,9.373056995,-0.007883832
95.717,3.371507841,-0.002436201,0.001830472,0.001036652,9.373056995,0.003706485
95.718,3.368961083,0.002621427,0.009415554,0.005895288,9.373056995,0.020309556
95.718,3.374054598,0.002583846,0.016996713,0.005658337,9.373056995,0.032530478
95.718,3.366414326,0.012736481,0.032215738,0.007967236,9.373056995,0.054856394
95.719,3.366414326,0.015246294,0.037241843,0.015369165,9.373056995,0.068888736
95.72,3.366414326,0.017755987,0.037169556,0.030411281,9.373056995,0.082801033
95.72,3.366414326,0.017717983,0.039640692,0.042905156,9.373056995,0.095073334
95.72,3.366414326,0.015132247,0.037013495,0.045209452,9.373056995,0.099442281
95.721,3.366414326,0.012546343,0.03692975,0.052606979,9.373056995,0.103752972
95.722,3.366414326,0.01250781,0.04703126,0.052362152,9.373056995,0.1069981
95.722,3.366414326,0.01246906,0.052034463,0.049569262,9.373056995,0.106588239
95.722,3.374054598,0.017525229,0.059581158,0.049322602,9.373056995,0.110848447
95.723,3.374054598,0.022581155,0.067124105,0.04398085,9.373056995,0.118096961
95.724,3.371507841,0.022541683,0.06447431,0.046279704,9.373056995,0.117261374
95.724,3.371507841,0.019954369,0.072009881,0.046030701,9.373056995,0.120356844
95.724,3.371507841,0.017366767,0.084636328,0.043233886,9.373056995,0.125554929
95.725,3.371507841,0.01732643,0.094711932,0.040436431,9.373056995,0.136245445
95.726,3.371507841,0.014738213,0.099689449,0.040185494,9.373056995,0.139714748
95.726,3.374054598,0.014697236,0.09956889,0.039934035,9.373056995,0.139808449
95.726,3.379148112,0.014655905,0.099444798,0.037134971,9.373056995,0.1415011
95.727,3.379148112,0.012066614,0.078939099,0.031788342,9.373056995,0.116229296
95.728,3.379148112,0.004381781,0.066071676,0.02134706,9.373056995,0.09079947
95.728,3.379148112,0.00179169,0.043011773,0.010905438,9.373056995,0.06070956
95.728,3.376601355,0.001748755,0.014853921,-0.002083583,9.373056995,0.015177896
95.729,3.379148112,0.001705385,0.004523496,-0.009978556,9.373056995,-0.006321308
95.73,3.371507841,0.004209144,-0.003263024,-0.020420824,9.373056995,-0.018983205
95.73,3.379148112,0.001617299,-0.005958352,-0.043598842,9.373056995,-0.044283967
95.73,3.379148112,-0.000974996,-0.011204221,-0.054041302,9.373056995,-0.057565243
95.731,3.379148112,-0.003567778,-0.013906111,-0.067030919,9.373056995,-0.069768103
95.732,3.379148112,-0.006161062,-0.016611215,-0.080020483,9.373056995,-0.078134505
95.732,3.379148112,-0.003659704,-0.019319488,-0.093009952,9.373056995,-0.081424801
95.732,3.376601355,-0.003706448,-0.019483626,-0.105999278,9.373056995,-0.086115647
95.733,3.379148112,-0.008848898,-0.029839889,-0.111347035,9.373056995,-0.090718948
95.734,3.371507841,0.001293531,-0.032557391,-0.124335911,9.373056995,-0.090751367
95.734,3.374054598,-0.006397616,-0.045466921,-0.127135987,9.373056995,-0.105132998
95.734,3.371507841,-0.003899062,-0.066021171,-0.129935727,9.373056995,-0.125855949
95.735,3.371507841,-0.001401099,-0.089125598,-0.130187934,9.373056995,-0.149877388
95.736,3.368961083,-0.003998888,-0.102043868,-0.127892562,9.373056995,-0.160756603
95.736,3.371507841,-0.006597308,-0.112417717,-0.130690924,9.373056995,-0.171954035
95.736,3.371507841,-0.011743933,-0.117699826,-0.123300233,9.373056995,-0.166669227
95.737,3.371507841,-0.011796066,-0.115342874,-0.113361809,9.373056995,-0.157784627
95.738,3.371507841,-0.016944029,-0.102799562,-0.105969845,9.373056995,-0.143737303
95.738,3.371507841,-0.011902381,-0.092806136,-0.096030047,9.373056995,-0.125618447
95.738,3.368961083,-0.009409005,-0.090457062,-0.088636615,9.373056995,-0.115935396
95.739,3.371507841,-0.009463889,-0.08811052,-0.086336603,9.373056995,-0.114463578
95.74,3.371507841,-0.00442434,-0.085766481,-0.073847209,9.373056995,-0.10248184
95.74,3.368961083,0.000614484,-0.073235881,-0.053715531,9.373056995,-0.074121229
95.74,3.371507841,0.008200156,-0.042876876,-0.028488634,9.373056995,-0.026118682
95.741,3.366414326,0.003047199,-0.020161998,-0.005807868,9.373056995,-0.000669786
95.742,3.366414326,0.000441061,0.002550574,0.024515353,9.373056995,0.030229325
95.742,3.366414326,0.000381722,0.020166371,0.042104082,9.373056995,0.053953415
95.742,3.366414326,-0.002225971,0.035232712,0.06478823,9.373056995,0.074355878
95.743,3.366414326,-0.002286888,0.045202399,0.077285103,9.373056995,0.086322079
95.744,3.366414326,-0.004896176,0.055170009,0.092330375,9.373056995,0.110715036
95.744,3.374054598,-0.007506266,0.060041109,0.097188464,9.373056995,0.116759475
95.744,3.371507841,-0.010117152,0.059815736,0.104595068,9.373056995,0.123719302
95.745,3.374054598,-0.015276424,0.059588465,0.112003119,9.373056995,0.12720041
95.746,3.371507841,-0.007698663,0.059359343,0.116865531,9.373056995,0.135785971
95.746,3.368961083,-0.00521691,0.054033897,0.119182355,9.373056995,0.13166293
95.746,3.376601355,-0.005283606,0.048706696,0.124047881,9.373056995,0.134378178
95.747,3.379148112,-0.007898779,0.038283292,0.118726529,9.373056995,0.11843256
95.748,3.376601355,-0.007967245,0.032952787,0.103218366,9.373056995,0.103759128
95.748,3.379148112,-0.010584163,0.025073447,0.097900476,9.373056995,0.089469505
95.748,3.379148112,-0.010654404,0.024834368,0.090037268,9.373056995,0.081838405
95.749,3.379148112,-0.020915838,0.019499278,0.079628771,9.373056995,0.052919096
95.75,3.368961083,-0.020987873,0.006520982,0.076863509,9.373056995,0.041034186
95.75,3.368961083,-0.021060799,0.001183079,0.06136453,9.373056995,0.031515497
95.75,3.371507841,-0.021134624,-0.001608883,0.053508884,9.373056995,0.024906108
95.751,3.371507841,-0.021209349,-0.001854834,0.038013874,9.373056995,0.018427073
95.752,3.371507841,-0.021284991,-0.002101969,0.030162293,9.373056995,0.015941892
95.752,3.371507841,-0.021361558,-0.002350248,0.019765678,9.373056995,0.010432248
95.752,3.371507841,-0.021439046,-0.002599604,0.009371184,9.373056995,0.00755438
95.753,3.366414326,-0.026612609,0.004791764,-0.0061154,9.373056995,0.000922629
95.754,3.368961083,-0.029239534,-0.000554158,-0.016505512,9.373056995,-0.010035224
95.754,3.363867569,-0.026772249,0.001740744,-0.021799141,9.373056995,-0.006270617
95.754,3.366414326,-0.026853483,0.001487483,-0.024543344,9.373056995,-0.013368796
95.755,3.366414326,-0.024388097,0.001233372,-0.024738105,9.373056995,-0.012954269
95.756,3.366414326,-0.02447125,0.00352575,-0.022383366,9.373056995,-0.012129226
95.756,3.366414326,-0.024555344,0.008364677,-0.022573348,9.373056995,-0.007487163
95.756,3.363867569,-0.022092803,0.008108444,-0.022760877,9.373056995,-0.012526428
95.757,3.371507841,-0.011988469,0.005304361,-0.02549304,9.373056995,-0.006591999
95.758,3.374054598,-0.014622932,-0.010236534,-0.020581277,9.373056995,-0.017695046
95.758,3.371507841,-0.009615613,-0.025777884,-0.023308301,9.373056995,-0.031140828
95.758,3.371507841,-0.009704396,-0.041319641,-0.031126953,9.373056995,-0.049956805
95.759,3.371507841,-0.009794113,-0.044125444,-0.033848698,9.373056995,-0.055207178
95.76,3.379148112,-0.004789622,-0.046931549,-0.039114885,9.373056995,-0.064390584
95.76,3.376601355,0.005309069,-0.044643409,-0.036736975,9.373056995,-0.062675003
95.761,3.371507841,0.007764098,-0.032166437,-0.0343563,9.373056995,-0.047863169
95.761,3.371507841,0.007670618,-0.029878637,-0.026878582,9.373056995,-0.038528264
95.762,3.368961083,0.002481055,-0.022496391,-0.016850909,9.373056995,-0.024613392
95.762,3.376601355,-0.007804577,-0.012566885,-0.009367511,9.373056995,-0.007120468
95.762,3.371507841,-0.007900831,-0.005184579,0.00321303,9.373056995,0.017236024
95.763,3.379148112,-0.01054556,0.009839624,0.008155112,9.373056995,0.037118003
95.764,3.376601355,-0.010643639,0.022316777,0.018194412,9.373056995,0.053715237
95.764,3.376601355,-0.010742622,0.029699654,0.025689573,9.373056995,0.065500323
95.764,3.379148112,-0.01339007,0.02944107,0.040829153,9.373056995,0.073022146
95.765,3.376601355,-0.013490849,0.031730109,0.050877541,9.373056995,0.077965214
95.766,3.376601355,-0.016140093,0.023830534,0.055834765,9.373056995,0.067684668
95.766,3.379148112,-0.018790237,0.031214962,0.065889349,9.373056995,0.07786991
95.767,3.371507841,-0.018893701,0.033505379,0.068305699,9.373056995,0.083487176
95.767,3.371507841,-0.018998037,0.033249103,0.068178077,9.373056995,0.083936901
95.768,3.371507841,-0.019103242,0.032993453,0.068053637,9.373056995,0.084973128
95.768,3.363867569,-0.016661748,0.040380261,0.067932394,9.373056995,0.088286316
95.768,3.363867569,-0.009125951,0.032484228,0.067814371,9.373056995,0.082874767
95.769,3.366414326,-0.009233712,0.039872535,0.067699594,9.373056995,0.084363242
95.77,3.366414326,-0.006794727,0.042167174,0.062493837,9.373056995,0.080404275
95.77,3.366414326,-0.004356548,0.0444627,0.052197125,9.373056995,0.072687483
95.77,3.368961083,-0.012109475,0.046759202,0.054639364,9.373056995,0.075989752
95.771,3.366414326,-0.004577761,0.046509451,0.046896413,9.373056995,0.086425028
95.772,3.371507841,-0.007237155,0.041166267,0.031515446,9.373056995,0.072658411
95.772,3.371507841,-0.007349758,0.03327694,0.02632635,9.373056995,0.067604285
95.773,3.366414326,-0.004915567,0.017747014,0.018593535,9.373056995,0.054177506
95.773,3.366414326,-0.00248214,0.012407318,0.013411268,9.373056995,0.050110087
95.774,3.371507841,-0.005144626,0.007068869,0.013326676,9.373056995,0.040838263
95.774,3.368961083,-0.002712713,0.001731726,0.008151265,9.373056995,0.036829938
95.774,3.363867569,0.007361181,-0.006151342,-0.002114957,9.373056995,0.024027893
95.775,3.371507841,0.012339204,-0.003843986,-0.007283478,9.373056995,0.025578719
95.776,3.371507841,0.014768934,-0.011724218,-0.020089887,9.373056995,0.00847679
95.776,3.368961083,0.009555252,-0.019602954,-0.027798552,9.373056995,-0.011866166
95.776,3.371507841,0.009436039,-0.02238564,-0.032956595,9.373056995,-0.017986718
95.777,3.371507841,0.011863733,-0.017524957,-0.038111123,9.373056995,-0.015922038
95.778,3.379148112,0.016838353,-0.025398931,-0.043262123,9.373056995,-0.023798473
95.778,3.376601355,0.011622048,-0.025629433,-0.056050936,9.373056995,-0.046569936
95.779,3.379148112,0.008952706,-0.023310918,-0.063741914,9.373056995,-0.055649578
95.779,3.371507841,0.008830335,-0.015896065,-0.073976416,9.373056995,-0.059645896
95.78,3.374054598,0.011254958,-0.026310153,-0.079113069,9.373056995,-0.071348389
95.78,3.376601355,0.011131423,-0.041816855,-0.08934036,9.373056995,-0.095954631
95.78,3.379148112,0.013554917,-0.05732162,-0.099564044,9.373056995,-0.113370667
95.781,3.379148112,0.013430294,-0.067729892,-0.104689846,9.373056995,-0.123165831
95.782,3.379148112,0.015852706,-0.075588884,-0.112359138,9.373056995,-0.13644404
95.782,3.376601355,0.018274608,-0.078351304,-0.109836292,9.373056995,-0.143728404
95.782,3.376601355,0.015600866,-0.088753397,-0.099668437,9.373056995,-0.150439314
95.783,3.368961083,0.018021813,-0.083869791,-0.086949818,9.373056995,-0.14401146
95.784,3.368961083,0.010252022,-0.073889444,-0.074227553,9.373056995,-0.1350114
95.784,3.371507841,0.005029374,-0.069001349,-0.06150165,9.373056995,-0.128327151
95.785,3.371507841,0.002353882,-0.051374659,-0.051319235,9.373056995,-0.116716402
95.785,3.371507841,0.004773132,-0.041387406,-0.041133176,9.373056995,-0.101773031
95.786,3.371507841,0.004644435,-0.031397751,-0.030943493,9.373056995,-0.091455041
95.786,3.371507841,0.009610537,-0.016311145,-0.013108828,9.373056995,-0.063642314
95.786,3.368961083,0.012028743,0.006419685,-0.000364813,9.373056995,-0.035277347
95.787,3.363867569,0.006803908,0.008774917,0.009835686,9.373056995,-0.030243002
95.788,3.366414326,0.004126356,0.008585387,0.012398424,9.373056995,-0.026550304
95.788,3.366414326,0.014186387,0.008398402,0.022606148,9.373056995,-0.008594278
95.788,3.366414326,0.014055852,0.013308511,0.032817501,9.373056995,0.001054756
95.789,3.366414326,0.011377505,0.018221239,0.037938217,9.373056995,0.010276761
95.79,3.371507841,0.008698924,0.023136615,0.050703902,9.373056995,0.022679521
95.79,0.137126191,0.006020141,0.028054672,0.055831807,9.373056995,0.0251822
95.791,0.134579434,0.010983915,0.035522709,0.053321927,9.373056995,0.03285545
95.791,0.139672948,0.008304811,0.037898982,0.053362758,9.373056995,0.030022749
95.792,0.137126191,0.008173162,0.037730783,0.053407178,9.373056995,0.037958575
95.792,0.134579434,0.005493798,0.040112682,0.053455167,9.373056995,0.037803524
95.792,0.137126191,0.000266768,0.037402919,0.053506711,9.373056995,0.024603045
95.793,0.144766462,-0.002412758,0.039790559,0.053561821,9.373056995,0.020005692
95.794,0.137126191,-0.005092344,0.039633843,0.048526203,9.373056995,0.014326513
95.794,0.137126191,-0.002676806,0.029291022,0.043494112,9.373056995,0.002538658
95.794,0.142219705,0.002286295,0.039329225,0.038465519,9.373056995,0.012657033
95.795,0.144766462,0.002154265,0.039181364,0.030893289,9.373056995,0.004088085
95.796,0.142219705,0.004569841,0.036489251,0.030965908,9.373056995,0.002149905
95.796,0.144766462,0.001890328,0.036347406,0.025947723,9.373056995,-0.0017763
95.797,0.142219705,0.001758482,0.026019559,0.023480089,9.373056995,-0.010812681
95.797,0.152406734,-0.003468417,0.020789311,0.013374489,9.373056995,-0.031660609
95.798,0.14731322,-0.001052469,0.018109411,0.003272274,9.373056995,-0.037168659
95.798,0.149859977,0.001363627,0.017979896,-0.00682657,9.373056995,-0.038900523
95.798,0.149859977,0.003779891,0.015306256,-0.009280681,9.373056995,-0.040990818
95.799,0.152406734,0.008743918,0.012635767,-0.011731485,9.373056995,-0.041760908
95.8,0.149859977,0.011160591,0.007421181,-0.016726113,9.373056995,-0.049713075
95.8,0.149859977,0.011029926,0.007304278,-0.026811753,9.373056995,-0.060086451
95.8,0.149859977,0.008351953,0.007190526,-0.031799894,9.373056995,-0.068652219
95.801,0.149859977,0.008221835,0.007079958,-0.041879063,9.373056995,-0.071996685
95.802,0.149859977,0.010639592,0.006972578,-0.049407909,9.373056995,-0.070394663
95.802,0.152406734,0.005414954,0.004321154,-0.054386452,9.373056995,-0.074336443
95.803,0.152406734,0.007833396,0.004220207,-0.056814719,9.373056995,-0.067228257
95.803,0.149859977,0.002609485,0.006669777,-0.059239864,9.373056995,-0.063441519
95.804,0.144766462,-6.64e-05,0.004028105,-0.048926275,9.373056995,-0.053451749
95.804,0.142219705,0.009995904,0.014126023,-0.051345228,9.373056995,-0.03353697
95.804,0.142219705,0.009868406,0.024227272,-0.046119734,9.373056995,-0.01476087
95.805,0.142219705,0.00719382,0.026690062,-0.048532558,9.373056995,-0.015849295
95.806,0.142219705,0.001972136,0.024061678,-0.03820673,9.373056995,-0.011133948
95.806,0.142219705,0.001846127,0.018889374,-0.038066385,9.373056995,-0.014323951
95.806,0.142219705,-0.000826934,0.013720415,-0.035375908,9.373056995,-0.015633156
95.807,0.134579434,0.006690875,0.013649338,-0.032682456,9.373056995,-0.005161879
95.808,0.137126191,-0.003623758,0.008487124,-0.022344686,9.373056995,-0.004055451
95.808,0.139672948,-0.001199929,0.005875573,-0.02473961,9.373056995,-0.004895925
95.808,0.137126191,0.003772095,0.00326745,-0.011848882,9.373056995,0.014257797
95.809,0.139672948,0.003649615,0.005757274,-0.006596662,9.373056995,0.02015296
95.81,0.139672948,0.000980241,0.008250537,0.006299783,9.373056995,0.025959072
95.81,0.144766462,0.00850186,0.013294499,0.021746159,9.373056995,0.049795655
95.81,0.137126191,0.008381473,0.013247373,0.027006812,9.373056995,0.059845456
95.811,0.137126191,0.008261836,0.018298193,0.039911569,9.373056995,0.075171257
95.812,0.139672948,0.013238111,0.028446955,0.055366159,9.373056995,0.102610673
95.812,3.376601355,0.015667606,0.028410113,0.065729158,9.373056995,0.113588048
95.913,3.379148112,-0.000135986,0.003915566,0.015309834,9.324742268,0.024581412
95.914,3.371507841,-5.75e-05,0.003982141,0.025486527,9.324742268,0.033359093
95.914,3.379148112,0.00511551,0.009140871,0.022925039,9.324742268,0.04351034
95.914,3.379148112,9.78e-05,0.009202726,0.022908131,9.324742268,0.030753042
95.915,3.379148112,0.005269753,0.009262236,0.017794427,9.324742268,0.024577318
95.916,3.379148112,0.007893602,0.009319409,0.012678203,9.324742268,0.019477105
95.916,3.379148112,0.00796927,0.004279718,0.017747985,9.324742268,0.018312114
95.916,3.381694869,0.010591924,0.001784935,0.030456646,9.324742268,0.027698253
95.917,3.379148112,0.005571234,0.001835045,0.045709946,9.324742268,0.041144205
95.918,3.371507841,0.000549923,0.00952458,0.053319407,9.324742268,0.056446153
95.918,3.379148112,0.00062312,0.024853507,0.068567796,9.324742268,0.085574194
95.919,3.379148112,-0.001851902,0.042727316,0.076172362,9.324742268,0.112161512
95.919,3.376601355,-0.001779977,0.052956995,0.086321642,9.324742268,0.13235549
95.92,3.376601355,-0.001708734,0.060637074,0.0939214,9.324742268,0.143275476
95.92,3.379148112,-0.001638169,0.063220283,0.101518784,9.324742268,0.155331344
95.92,3.379148112,-0.004115887,0.060706624,0.101472407,9.324742268,0.14489016
95.921,3.376601355,-0.014237051,0.048001592,0.096329419,9.324742268,0.119038026
95.922,3.374054598,-0.014168653,0.032746955,0.093731205,9.324742268,0.10145835
95.922,3.371507841,-0.016648563,0.022584493,0.075847894,9.324742268,0.076397183
95.922,3.371507841,-0.011486501,0.01496696,0.065603634,9.324742268,0.065713876
95.923,3.371507841,-0.008872767,0.009894374,0.062998439,9.324742268,0.066592143
95.924,3.374054598,-0.008807373,0.007366738,0.045108205,9.324742268,0.054153728
95.924,3.376601355,-0.006195153,0.00228955,0.034857074,9.324742268,0.044686468
95.925,3.376601355,-0.00613128,-0.010431706,0.019509426,9.324742268,0.022454084
95.925,3.379148112,-0.000973047,-0.015513498,0.006706646,9.324742268,0.009813448
95.926,3.379148112,-0.003458322,-0.020597604,-0.003551239,9.324742268,-0.011065837
95.926,3.376601355,-0.003396815,-0.028231289,-0.011264219,9.324742268,-0.02977212
95.926,3.376601355,-0.005883694,-0.028225514,-0.016432294,9.324742268,-0.036775681
95.927,3.379148112,-0.008371412,-0.028222037,-0.02160255,9.324742268,-0.040028281
95.928,3.379148112,-0.008312381,-0.030768097,-0.02677497,9.324742268,-0.042776517
95.928,3.376601355,-0.010801757,-0.028221894,-0.03194956,9.324742268,-0.045175952
95.928,3.371507841,-0.008196818,-0.033319718,-0.032032021,9.324742268,-0.046198373
95.929,3.371507841,-0.008140313,-0.030778058,-0.039758,9.324742268,-0.051551364
95.93,3.371507841,-0.002989498,-0.028238665,-0.052580336,9.324742268,-0.052188702
95.93,3.374054598,0.007255597,-0.038437816,-0.055216281,9.324742268,-0.055817771
95.93,3.379148112,0.002214385,-0.040997453,-0.060401427,9.324742268,-0.069754566
95.931,3.379148112,0.004815044,-0.051201095,-0.065588626,9.324742268,-0.079649311
95.932,3.379148112,0.004867268,-0.056312436,-0.065683592,9.324742268,-0.089417436
95.932,3.379148112,0.010013761,-0.061425959,-0.063233443,9.324742268,-0.090646189
95.932,3.379148112,0.01770699,-0.06144715,-0.055691041,9.324742268,-0.08075243
95.933,3.379148112,0.0203042,-0.061470511,-0.055792009,9.324742268,-0.077548269
95.934,3.376601355,0.022900548,-0.061496028,-0.050800701,9.324742268,-0.067827928
95.934,3.376601355,0.020400892,-0.058976431,-0.048358477,9.324742268,-0.055927927
95.934,3.379148112,0.022995498,-0.056458972,-0.043371057,9.324742268,-0.043560035
95.935,3.379148112,0.017946491,-0.051396368,-0.038385557,9.324742268,-0.040869914
95.936,3.376601355,0.010349019,-0.048883122,-0.030854816,9.324742268,-0.044218684
95.936,3.379148112,0.01548852,-0.051466467,-0.020778826,9.324742268,-0.037269502
95.936,3.379148112,0.012984411,-0.048957375,-0.013251814,9.324742268,-0.036705892
95.937,3.374054598,0.010479426,-0.041355819,0.001914743,9.324742268,-0.022676876
95.938,3.379148112,0.00287842,-0.036303576,0.009438104,9.324742268,-0.014535453
95.938,3.376601355,0.002919248,-0.026158858,0.024601064,9.324742268,0.003370967
95.938,3.379148112,0.002959218,-0.018563428,0.042309372,9.324742268,0.024334746
95.939,3.379148112,0.002998324,-0.000780961,0.060015939,9.324742268,0.04882628
95.94,3.379148112,0.003036562,0.011904998,0.070079422,9.324742268,0.05904699
95.94,3.379148112,0.005621515,0.019494482,0.080141207,9.324742268,0.068795815
95.94,3.376601355,0.000562879,0.024534768,0.085107063,9.324742268,0.070195292
95.941,3.379148112,0.003146095,0.029573129,0.087524139,9.324742268,0.076332326
95.942,3.376601355,0.000633311,0.029515042,0.089939563,9.324742268,0.072746545
95.942,3.379148112,-0.001880336,0.026907771,0.092353355,9.324742268,0.06758294
95.942,3.379148112,-0.001847274,0.019204085,0.089671284,9.324742268,0.060383437
95.943,3.374054598,-0.004362626,0.021687556,0.089534758,9.324742268,0.060480496
95.944,3.379148112,-0.006878825,0.019074679,0.089396661,9.324742268,0.062807861
95.944,3.379148112,-0.004300723,0.029196275,0.09180413,9.324742268,0.079237998
95.944,3.379148112,-0.001723478,0.031674291,0.089115808,9.324742268,0.086305248
95.945,3.376601355,-0.001694642,0.03415053,0.083878874,9.324742268,0.081657924
95.946,3.376601355,0.000880946,0.031530492,0.076093328,9.324742268,0.079378537
95.946,3.376601355,0.000908148,0.023814205,0.068306333,9.324742268,0.065578958
95.946,3.376601355,0.000934528,0.018643472,0.057970786,9.324742268,0.054761751
95.947,3.376601355,-0.004135045,0.0109238,0.052728099,9.324742268,0.043015783
95.948,3.376601355,-0.006657843,0.003202459,0.044936923,9.324742268,0.032741613
95.948,3.376601355,-0.011729016,-0.007067792,0.034597287,9.324742268,0.013308341
95.948,3.371507841,-0.016800976,-0.019886912,0.024256334,9.324742268,-0.008059795
95.949,3.371507841,-0.009135855,-0.032707639,0.013914094,9.324742268,-0.021832428
95.95,3.368961083,-0.004019079,-0.048077223,0.003570575,9.324742268,-0.036674971
95.95,3.368961083,-0.001450629,-0.058353842,-0.016962674,9.324742268,-0.050962724
95.95,3.379148112,0.001117082,-0.076273739,-0.029855761,9.324742268,-0.071310294
95.951,3.379148112,0.003684056,-0.086553333,-0.040202898,9.324742268,-0.082898924
95.952,3.376601355,0.001155162,-0.101928883,-0.053098329,9.324742268,-0.105397006
95.952,3.376601355,0.001173124,-0.102022294,-0.058353515,9.324742268,-0.113881962
95.952,3.379148112,0.001190373,-0.091928067,-0.066156948,9.324742268,-0.109369122
95.953,3.376601355,-0.001340653,-0.081835193,-0.068867217,9.324742268,-0.105409317
95.954,3.371507841,-0.006419937,-0.071743681,-0.071578572,9.324742268,-0.104316186
95.954,3.371507841,-0.00640475,-0.064200755,-0.076838093,9.324742268,-0.10228177
95.954,3.371507841,-0.006390236,-0.05411189,-0.077004391,9.324742268,-0.093015917
95.955,3.368961083,-0.006376392,-0.044024327,-0.07207744,9.324742268,-0.087145821
95.956,3.371507841,-0.008910765,-0.036485308,-0.069698599,9.324742268,-0.085572255
95.956,3.368961083,-0.013993355,-0.031494803,-0.067320718,9.324742268,-0.087324188
95.956,3.371507841,-0.013981427,-0.031600044,-0.057302394,9.324742268,-0.08423991
95.957,3.371507841,-0.011422553,-0.034253764,-0.057473501,9.324742268,-0.084876369
95.958,3.371507841,-0.008864281,-0.03436141,-0.050004123,9.324742268,-0.080983536
95.958,3.371507841,-0.00121145,-0.034470226,-0.032347111,9.324742268,-0.06583379
95.958,3.368961083,0.001345655,-0.026938408,-0.022332325,9.324742268,-0.050005309
95.959,3.371507841,0.001354631,-0.021954956,-0.017412609,9.324742268,-0.04676195
95.96,3.368961083,0.001363076,-0.009330802,-0.004852312,9.324742268,-0.028676048
95.96,3.368961083,0.011561279,0.005839555,0.002612967,9.324742268,0.001609655
95.96,3.368961083,0.001378379,0.013367122,0.010077497,9.324742268,0.002157349
95.961,3.371507841,-0.001162317,0.018346427,0.014994171,9.324742268,0.009943681
95.962,3.374054598,-0.001155934,0.023324777,0.019910134,9.324742268,0.015307986
95.962,3.371507841,-0.001150028,0.035943963,0.02482541,9.324742268,0.028026857
95.962,3.368961083,-0.00114459,0.040920467,0.029740032,9.324742268,0.030512552
95.963,3.371507841,-0.001139596,0.056085124,0.039748267,9.324742268,0.044872287
95.964,3.371507841,0.001412547,0.066154409,0.042114501,9.324742268,0.051098158
95.964,3.368961083,-0.001130874,0.071128351,0.036838771,9.324742268,0.051156659
95.964,3.371507841,-0.00367469,0.073554226,0.041750984,9.324742268,0.059066113
95.965,3.371507841,-0.006218895,0.073432069,0.041568412,9.324742268,0.058650621
95.966,3.371507841,-0.003668318,0.073309143,0.033743953,9.324742268,0.057067428
95.966,3.376601355,-0.001118098,0.06809098,0.033560396,9.324742268,0.054642385
95.966,3.371507841,0.001431787,0.057777599,0.041017765,9.324742268,0.05277228
95.967,3.374054598,0.011624071,0.055105344,0.033191957,9.324742268,0.056171095
95.968,3.376601355,0.003983018,0.060074243,0.022818614,9.324742268,0.043309804
95.968,3.376601355,0.003984396,0.054853497,0.014991994,9.324742268,0.034433133
95.968,3.379148112,0.001437925,0.04708491,0.009712132,9.324742268,0.021871805
95.969,3.379148112,0.001438772,0.041863026,0.006979054,9.324742268,0.013947978
95.97,3.381694869,0.001439384,0.039187858,-0.00594286,9.324742268,0.005943634
95.97,3.379148112,-0.001107805,0.041606673,-0.021412204,9.324742268,0.000341905
95.97,3.379148112,-0.001107619,0.036383207,-0.036881826,9.324742268,-0.011443903
95.971,3.379148112,-0.001107628,0.033706513,-0.049804577,9.324742268,-0.024573663
95.972,3.379148112,0.00398733,0.020840328,-0.062727541,9.324742268,-0.035383799
95.972,3.376601355,0.001439401,0.005426463,-0.073103561,9.324742268,-0.060329018
95.972,3.381694869,0.0014389,-0.012535045,-0.08347974,9.324742268,-0.085293017
95.973,3.376601355,0.001438252,-0.02540239,-0.09130892,9.324742268,-0.098034544
95.974,3.376601355,0.006532612,-0.030628296,-0.096591077,9.324742268,-0.101442652
95.974,3.376601355,0.009079294,-0.035854482,-0.101873303,9.324742268,-0.107240398
95.974,3.376601355,0.006530753,-0.035986406,-0.099514215,9.324742268,-0.102918328
95.975,3.376601355,0.003982134,-0.033571281,-0.102249406,9.324742268,-0.098075998
95.976,3.379148112,0.00143348,-0.031156345,-0.097343217,9.324742268,-0.095203143
95.976,3.379148112,-0.001115206,-0.031288838,-0.089889872,9.324742268,-0.091183433
95.976,3.376601355,-0.006211483,-0.033968722,-0.084983593,9.324742268,-0.092852596
95.977,3.379148112,-0.003665034,-0.034101432,-0.074982971,9.324742268,-0.091465873
95.978,3.376601355,0.001429037,-0.029139686,-0.067529358,9.324742268,-0.081520451
95.978,3.379148112,0.003975575,-0.02417796,-0.060075577,9.324742268,-0.073684664
95.978,3.374054598,0.006522172,-0.016668989,-0.050074488,9.324742268,-0.059143548
95.979,3.379148112,0.006521263,-0.006612733,-0.045167445,9.324742268,-0.046206455
95.98,3.379148112,0.009067999,-0.00419819,-0.040260187,9.324742268,-0.03119681
95.98,3.376601355,0.006519668,-0.00433084,-0.040446917,9.324742268,-0.030686619
95.98,3.379148112,0.001423879,-0.007010676,-0.038086254,9.324742268,-0.032733549
95.981,3.379148112,0.003970937,-0.009690423,-0.040819542,9.324742268,-0.033021008
95.982,3.376601355,0.003970566,-0.014917292,-0.046099639,9.324742268,-0.044604913
95.982,3.376601355,0.006517941,-0.009954961,-0.04373801,9.324742268,-0.031988546
95.982,3.376601355,0.009065491,-0.007539701,-0.03373465,9.324742268,-0.015839613
95.983,3.379148112,0.011613234,-0.005124217,-0.036466526,9.324742268,-0.014115852
95.984,3.379148112,0.006518469,-0.000161242,-0.029009501,9.324742268,-0.006752286
95.984,3.371507841,0.006519083,0.009896478,-0.024099165,9.324742268,0.002105624
95.984,3.371507841,0.003972364,0.012312688,-0.021735505,9.324742268,0.000173083
95.985,3.371507841,0.003973473,0.01472919,-0.016824246,9.324742268,0.000773681
95.986,3.371507841,0.001427277,0.01714602,-0.011912503,9.324742268,0.007814742
95.986,3.371507841,0.003976511,0.027204972,-0.007000247,9.324742268,0.015917445
95.986,3.371507841,0.003978467,0.029622501,-0.002087463,9.324742268,0.019823565
95.987,3.368961083,0.003980739,0.032040407,0.002825887,9.324742268,0.026449883
95.988,3.371507841,0.006530915,0.042100514,0.007739827,9.324742268,0.044058141
95.988,3.371507841,0.006533858,0.049613804,0.007560113,9.324742268,0.051844875
95.988,0.144766462,0.003989583,0.052033033,0.01502239,9.324742268,0.055885181
95.989,0.139672948,-0.003649472,0.051905476,0.014843924,9.324742268,0.04880135
95.99,0.139672948,-0.003645413,0.054325682,0.019760374,9.324742268,0.048971012
95.99,0.139672948,-0.003640926,0.041462859,0.022130372,9.324742268,0.042941444
95.99,0.134579434,-0.006183579,0.033695104,0.02450108,9.324742268,0.041080235
95.991,0.139672948,-0.006178214,0.025927928,0.021778257,9.324742268,0.037470092
95.992,0.142219705,-0.00617238,0.028350395,0.016509047,9.324742268,0.035569992
95.992,0.142219705,-0.013808799,0.030773494,0.011240612,9.324742268,0.025807452
95.992,0.142219705,-0.008706863,0.033197253,0.021255724,9.324742268,0.050136835
95.993,0.142219705,-0.008699595,0.035621672,0.02108315,9.324742268,0.053839363
95.994,0.137126191,-0.016334557,0.027857745,0.023458548,9.324742268,0.046683799
95.994,0.137126191,-0.013778712,0.025189046,0.030929063,9.324742268,0.058208521
95.994,0.137126191,-0.006127194,0.032710116,0.028211956,9.324742268,0.067841454
95.995,0.137126191,-0.006117854,0.037684681,0.030589999,9.324742268,0.066728867
95.996,0.139672948,-0.003560361,0.042660017,0.032968987,9.324742268,0.070646314
95.996,0.139672948,-0.00100229,0.050183411,0.035348934,9.324742268,0.078522806
95.996,0.137126191,-0.003538763,0.057707626,0.037729847,9.324742268,0.077079953
95.997,0.137126191,-0.008622188,0.057590916,0.037564633,9.324742268,0.070139681
95.998,0.139672948,-0.016252573,0.057475074,0.029759056,9.324742268,0.055206213
95.998,0.137126191,-0.016239609,0.04717106,0.016860293,9.324742268,0.037904376
95.998,0.137126191,-0.016225997,0.039415189,0.006509759,9.324742268,0.021483776
95.999,0.137126191,-0.016211757,0.026565718,0.006348844,9.324742268,0.012942452
96,0.137126191,-0.016196877,0.016264459,0.00364195,9.324742268,-0.005147295
96,0.137126191,-0.016181348,0.005964164,0.006030475,9.324742268,-0.007643839
96,0.139672948,-0.016165148,0.000759364,0.005873069,9.324742268,-0.012456374
96.001,0.137126191,-0.01105312,0.003197324,-0.001924508,9.324742268,-0.011861376
96.002,0.142219705,-0.008487966,0.005636305,-0.002079459,9.324742268,-0.010715842
96.002,0.139672948,-0.003374551,0.010623579,-0.004780281,9.324742268,-0.006917443
96.002,0.137126191,-0.00080802,0.0156119,-0.017668328,9.324742268,-0.01223483
96.003,0.139672948,-0.005883489,0.01550677,-0.022913703,9.324742268,-0.019528788
96.004,0.137126191,-0.008410658,0.010308225,-0.028157778,9.324742268,-0.026334073
96.004,0.137126191,-0.008389513,0.005110784,-0.035947659,9.324742268,-0.036448988
96.004,0.139672948,-0.01346277,-8.55e-05,-0.036094828,9.324742268,-0.038129438
96.005,0.134579434,-0.015987713,-0.010375196,-0.028599268,9.324742268,-0.040263557
96.006,0.137126191,-0.010869191,-0.015569217,-0.026196592,9.324742268,-0.037908996
96.006,0.137126191,-0.000654763,-0.025856589,-0.021245391,9.324742268,-0.035741527
96.006,0.134579434,-0.005725002,-0.031048259,-0.016292778,9.324742268,-0.039660775
96.007,0.137126191,-0.005699309,-0.033691471,-0.011338735,9.324742268,-0.040925604
96.008,0.139672948,-0.00057769,-0.036333486,-0.011477492,9.324742268,-0.03914557
96.008,0.134579434,0.004544705,-0.03387977,-0.014161911,9.324742268,-0.028843415
96.008,0.144766462,0.009667917,-0.02378305,-0.014297732,9.324742268,-0.010761458
96.009,0.144766462,0.007149211,-0.023874122,-0.009337824,9.324742268,-0.005251017
96.01,0.139672948,-0.000463826,-0.026511204,-0.019659164,9.324742268,-0.023416293
96.01,3.366414326,-0.000433324,-0.024052508,-0.027431857,9.324742268,-0.026538812
96.011,3.366414326,0.002145558,-0.013950767,-0.032655891,9.229591837,-0.024651323
96.011,3.368961083,-0.008012615,-0.003847747,-0.027689861,9.229591837,-0.018051875
96.012,3.366414326,-0.002884514,0.006256553,-0.02526938,9.229591837,-0.008499694
96.012,3.366414326,-0.00794589,0.013814857,-0.02284732,9.229591837,-0.001334266
96.012,3.368961083,-0.000268568,0.021374442,-0.022970789,9.229591837,0.014326638
96.013,3.366414326,-0.002780701,0.023840809,-0.017998384,9.229591837,0.010192465
96.014,3.371507841,0.004898297,0.02121399,-0.01557146,9.229591837,0.01412905
96.014,3.374054598,0.00493543,0.010946732,-0.005501499,9.229591837,0.00947589
96.014,3.366414326,0.004973423,0.005775343,-0.003071241,9.229591837,0.004645512
96.015,3.374054598,0.01520256,0.003152584,0.017190593,9.229591837,0.025902015
96.016,3.366414326,0.002504383,0.008172962,0.042548387,9.229591837,0.039593687
96.016,3.371507841,0.005092494,0.010647445,0.057719391,9.229591837,0.049559162
96.017,3.366414326,0.005133872,0.015670556,0.075439244,9.229591837,0.064512786
96.017,3.368961083,0.002628514,0.023242301,0.08551948,9.229591837,0.075548393
96.018,3.366414326,-0.002423576,0.028268206,0.095601494,9.229591837,0.084779778
96.018,3.366414326,0.000167891,0.028201018,0.103138169,9.229591837,0.098905209
96.018,3.366414326,-0.007430089,0.033229774,0.100488149,9.229591837,0.098587971
96.019,3.366414326,-0.004836917,0.03571271,0.105481316,9.229591837,0.107306806
96.02,3.371507841,-0.007338041,0.0305553,0.10538208,9.229591837,0.100748298
96.02,3.366414326,-0.007290737,0.033041101,0.102737575,9.229591837,0.09404131
96.02,3.371507841,-0.00724258,0.043170132,0.100094941,9.229591837,0.098396866
96.021,3.371507841,-0.004645986,0.038017072,0.092359936,9.229591837,0.084599738
96.022,3.368961083,-0.004596133,0.040507252,0.084626833,9.229591837,0.079492415
96.022,3.366414326,-0.00454543,0.030262582,0.074348528,9.229591837,0.063726868
96.023,3.368961083,-0.007041469,0.02001937,0.061525026,9.229591837,0.041724401
96.023,3.366414326,-0.004441528,0.004683095,0.043609222,9.229591837,0.015124868
96.024,3.366414326,-0.004388327,-0.008104444,0.033336765,9.229591837,-0.004287719
96.024,3.366414326,-0.006881867,-0.020890519,0.0256134,9.229591837,-0.022745029
96.024,3.366414326,-0.006827011,-0.031127877,0.012797775,9.229591837,-0.040103727
96.025,3.366414326,-0.004223781,-0.0388165,0.002531278,9.229591837,-0.046336694
96.026,3.366414326,-0.004167296,-0.049050889,-0.010280311,9.229591837,-0.060495654
96.026,3.368961083,-0.004109997,-0.04909476,-0.020542733,9.229591837,-0.069136942
96.026,3.363867569,0.00104326,-0.049137148,-0.030803118,9.229591837,-0.073359707
96.027,3.371507841,0.001102173,-0.041536271,-0.041061444,9.229591837,-0.075547919
96.028,3.371507841,0.008804598,-0.046670194,-0.041129193,9.229591837,-0.074053483
96.028,3.363867569,0.008865082,-0.044160865,-0.046289113,9.229591837,-0.077743346
96.029,3.366414326,0.00892634,-0.046744567,-0.05399408,9.229591837,-0.084112471
96.029,3.371507841,0.006440788,-0.041685027,-0.054055588,9.229591837,-0.071839219
96.03,3.371507841,0.006503562,-0.046813055,-0.054115002,9.229591837,-0.073873106
96.03,3.371507841,0.006567086,-0.051939621,-0.054172324,9.229591837,-0.071489274
96.03,3.374054598,0.00663136,-0.054517483,-0.049133285,9.229591837,-0.061677493
96.031,3.371507841,0.009243941,-0.059641151,-0.044092136,9.229591837,-0.056528312
96.032,3.371507841,0.006762109,-0.067310634,-0.039048868,9.229591837,-0.057760235
96.032,3.376601355,0.011923728,-0.080073184,-0.034003481,9.229591837,-0.055618834
96.032,3.376601355,0.006895788,-0.077550721,-0.031503094,9.229591837,-0.060532651
96.033,3.376601355,0.009511274,-0.067385042,-0.031547694,9.229591837,-0.053862536
96.034,3.376601355,0.007032326,-0.064859703,-0.029043033,9.229591837,-0.049119582
96.034,3.376601355,0.009649211,-0.06233293,-0.023989098,9.229591837,-0.036999103
96.035,3.374054598,0.012266779,-0.059804754,-0.018933006,9.229591837,-0.026264775
96.035,3.374054598,0.009789877,-0.059822401,-0.006233362,9.229591837,-0.016925252
96.036,3.379148112,0.009861205,-0.057291359,0.006468459,9.229591837,-0.001348398
96.036,3.379148112,0.002290451,-0.052211632,0.019172454,9.229591837,0.009053291
96.036,3.371507841,0.002363053,-0.049677724,0.031878643,9.229591837,0.024272089
96.037,3.371507841,0.002436286,-0.036953359,0.04203989,9.229591837,0.042518091
96.038,3.368961083,-0.002585022,-0.02677484,0.04965621,9.229591837,0.05237653
96.038,3.371507841,-0.002510585,-0.019142186,0.064916098,9.229591837,0.069524259
96.038,3.368961083,-0.002435556,-0.001319129,0.075083922,9.229591837,0.090140224
96.039,3.371507841,0.00018762,0.011410761,0.087801069,9.229591837,0.112527946
96.04,3.371507841,-0.00483137,0.019047483,0.092879045,9.229591837,0.121121009
96.04,3.366414326,-0.004754652,0.026685554,0.09795924,9.229591837,0.136909476
96.041,3.366414326,-0.007224972,0.026683184,0.092853169,9.229591837,0.130238134
96.041,3.363867569,-0.004599611,0.026682148,0.090296447,9.229591837,0.126809226
96.042,3.363867569,-0.001973737,0.026682441,0.087741962,9.229591837,0.122718665
96.042,3.366414326,-0.001894937,0.024136771,0.082642573,9.229591837,0.112268599
96.042,3.366414326,-0.004363218,0.021592417,0.077545399,9.229591837,0.103755686
96.043,3.366414326,-0.004283444,0.021596609,0.072450452,9.229591837,0.098727395
96.044,3.366414326,-0.001655618,0.021602092,0.067357724,9.229591837,0.090263837
96.044,3.366414326,0.008615382,0.029250607,0.05717298,9.229591837,0.09480368
96.044,3.371507841,0.011244087,0.041994909,0.052084699,9.229591837,0.102322361
96.045,3.371507841,0.003682932,0.04709868,0.049545765,9.229591837,0.090908321
96.046,3.371507841,0.011407598,0.044561921,0.044461922,9.229591837,0.091958367
96.046,3.371507841,0.014037514,0.042026397,0.031738934,9.229591837,0.078039882
96.047,3.371507841,0.016667772,0.039492098,0.02411241,9.229591837,0.074350971
96.047,3.371507841,0.014203239,0.029317237,0.021582381,9.229591837,0.062801329
96.048,3.371507841,0.009191469,0.021690831,0.021601679,9.229591837,0.051525142
96.048,3.371507841,0.011822751,0.021707373,0.019076058,9.229591837,0.056664057
96.048,3.371507841,0.009359199,0.0268196,0.0114584,9.229591837,0.051871759
96.049,3.371507841,0.006895958,0.026838453,0.006390074,9.229591837,0.04495071
96.05,3.371507841,0.006980585,0.024311175,-0.001223163,9.229591837,0.033644259
96.05,3.379148112,0.009613065,0.021784995,-0.016475579,9.229591837,0.018792157
96.05,3.376601355,0.009698241,0.021807164,-0.021537302,9.229591837,0.01658614
96.051,3.379148112,0.009783653,0.019283167,-0.008766957,9.229591837,0.028346367
96.052,3.376601355,0.009869298,0.014212992,-0.016371446,9.229591837,0.019973552
96.052,3.379148112,0.007407563,0.011691142,-0.01378526,9.229591837,0.021391663
96.053,3.379148112,0.010041158,0.004075826,-0.018838293,9.229591837,0.006730111
96.053,3.376601355,0.010127343,0.001556051,-0.01879493,9.229591837,-0.000123923
96.054,3.379148112,0.012761251,-0.003509994,-0.013655184,9.229591837,-0.002525947
96.054,3.379148112,0.010300149,-0.021311356,-0.011060441,9.229591837,-0.019917087
96.054,3.371507841,0.015481867,-0.028922711,-0.011010708,9.229591837,-0.020402861
96.055,3.371507841,0.013020979,-0.028891305,-0.010958854,9.229591837,-0.021845849
96.056,3.371507841,0.008012616,-0.023764404,-0.008357758,9.229591837,-0.020638728
96.056,3.368961083,0.000456757,-0.023731087,-0.010848811,9.229591837,-0.025622787
96.056,3.368961083,-0.002003894,-0.023696838,-0.015884886,9.229591837,-0.028703629
96.057,3.371507841,-0.004464495,-0.026208936,-0.018371763,9.229591837,-0.027898427
96.058,3.371507841,-0.006925093,-0.028720133,-0.020856563,9.229591837,-0.025389152
96.058,3.371507841,-0.006838125,-0.028683206,-0.023339289,9.229591837,-0.024653149
96.058,3.371507841,-0.009298761,-0.038834453,-0.025819949,9.229591837,-0.039672119
96.059,3.368961083,-0.009211853,-0.043890335,-0.030845663,9.229591837,-0.051944687
96.06,3.371507841,0.00106527,-0.051492638,-0.035869315,9.229591837,-0.05646666
96.06,3.366414326,-0.001395559,-0.051452353,-0.0281553,9.229591837,-0.053170958
96.06,3.363867569,-0.006404054,-0.056505812,-0.022986389,9.229591837,-0.060966846
96.061,3.361320812,-0.001222374,-0.059011286,-0.015268348,9.229591837,-0.059675952
96.062,3.366414326,-0.001135955,-0.053874291,-0.007548305,9.229591837,-0.05119639
96.062,3.363867569,-0.00359726,-0.053831124,-0.002373415,9.229591837,-0.05439457
96.062,3.363867569,-0.00351113,-0.053787272,0.000256301,9.229591837,-0.056461937
96.063,3.371507841,0.004217517,-0.043553729,0.000340837,9.229591837,-0.036757009
96.064,3.374054598,0.004303243,-0.040961313,0.008068668,9.229591837,-0.02436877
96.064,3.371507841,0.004388744,-0.035821004,0.010704143,9.229591837,-0.0152968
96.064,3.366414326,0.00192643,-0.035774597,0.01334151,9.229591837,-0.01842509
96.065,3.366414326,-0.00053614,-0.033180326,0.015980737,9.229591837,-0.016853878
96.066,3.366414326,-0.000451421,-0.025490954,0.01607468,9.229591837,-0.014510044
96.066,3.371507841,-0.000367009,-0.012706495,0.018717558,9.229591837,-0.00844816
96.066,3.366414326,0.004812223,0.007720298,0.018815114,9.229591837,0.009121169
96.067,3.368961083,0.007443561,0.015411337,0.018914457,9.229591837,0.007179214
96.068,3.371507841,0.01007456,0.028197417,0.011374205,9.229591837,0.005690052
96.068,3.368961083,0.010157622,0.038436734,0.008929959,9.229591837,0.011302982
96.068,3.371507841,0.010240286,0.046129254,0.003940332,9.229591837,0.013194261
96.069,3.371507841,0.01032256,0.048727691,-0.00614182,9.229591837,0.006021975
96.07,3.374054598,0.010404432,0.046232039,-0.016222269,9.229591837,0.000396541
96.07,3.371507841,0.007938315,0.03609501,-0.02375392,9.229591837,-0.013792463
96.07,3.371507841,0.002924186,0.020863863,-0.036378153,9.229591837,-0.042245152
96.071,3.371507841,0.003004748,0.005633071,-0.046453598,9.229591837,-0.058632661
96.072,3.371507841,0.00308483,-0.004502873,-0.056527425,9.229591837,-0.077032269
96.072,3.368961083,-0.001930735,-0.012091267,-0.064052525,9.229591837,-0.09554018
96.072,3.371507841,0.00069591,-0.009490374,-0.058840416,9.229591837,-0.085179558
96.073,3.376601355,0.008417176,-0.006889208,-0.051079629,9.229591837,-0.066574955
96.074,3.376601355,0.008495167,-0.001740547,-0.045864432,9.229591837,-0.05598464
96.074,3.371507841,0.011120168,0.003408346,-0.040647692,9.229591837,-0.035577311
96.074,3.376601355,0.011197023,0.003462959,-0.037976576,9.229591837,-0.030846376
96.075,3.379148112,0.003630557,0.008612299,-0.030209712,9.229591837,-0.025255774
96.076,3.376601355,0.0037062,0.011214581,-0.019894274,9.229591837,-0.015528023
96.076,3.379148112,-0.001313945,0.006175239,-0.012124545,9.229591837,-0.022993452
96.076,3.376601355,-0.003787152,0.008777797,-0.011994806,9.229591837,-0.024594971
96.077,3.376601355,-0.001165872,0.006285934,0.00087192,9.229591837,-0.010636356
96.078,3.374054598,-0.00109283,0.003794141,0.00100435,9.229591837,-0.014612358
96.078,3.379148112,-0.001020472,0.00130239,0.003685201,9.229591837,-0.018225555
96.078,3.376601355,-0.008591542,0.003905211,0.0038202,9.229591837,-0.022158423
96.079,3.376601355,-0.00597304,0.009055292,0.006503564,9.229591837,-0.011143918
96.08,3.368961083,0.001739879,0.004016324,-0.001000378,9.229591837,-0.013897062
96.08,3.379148112,-0.003285821,0.006619087,-0.000861788,9.229591837,-0.016984678
96.08,3.376601355,0.001878021,0.004127267,-0.003269188,9.229591837,-0.016545234
96.081,3.379148112,0.004493521,-0.003459171,-0.003128368,9.229591837,-0.019364038
96.082,3.376601355,0.002013087,-0.008498461,-0.008080703,9.229591837,-0.033991297
96.082,3.368961083,-0.000468149,-0.021179641,-0.007937721,9.229591837,-0.052375317
96.082,3.371507841,-0.000402624,-0.026219168,-0.000152316,9.229591837,-0.05469354
96.083,3.371507841,0.002209623,-0.026164325,-7.28e-06,9.229591837,-0.048599319
96.084,3.374054598,0.004821021,-0.021015133,0.005233019,9.229591837,-0.027807746
96.084,3.371507841,0.002336397,-0.018413383,0.00538002,9.229591837,-0.023012512
96.084,3.368961083,-0.002696672,-0.010717338,0.00807509,9.229591837,-0.019702799
96.085,3.371507841,0.005007239,-0.003021535,0.008223943,9.229591837,-0.000487603
96.086,3.363867569,0.002519939,0.014863052,0.013467927,9.229591837,0.018543144
96.086,3.366414326,-0.005063433,0.022558335,0.005977126,9.229591837,0.013608157
96.086,0.137126191,-0.002457465,0.02770609,-0.001512878,9.229591837,0.019476002
96.087,0.139672948,-0.007495145,0.025211785,-0.00390786,9.229591837,0.011321001
96.088,0.134579434,-0.004891073,0.025264424,-0.006302093,9.229591837,0.008619451
96.088,0.139672948,-0.007383128,0.012580431,-0.01124275,9.229591837,-0.005991106
96.088,0.137126191,-0.004781021,0.010085103,-0.018729847,9.229591837,-0.014560481
96.089,0.139672948,-0.002179912,0.015231154,-0.026216299,9.229591837,-0.014916225
96.09,0.139672948,-0.002127387,0.015282299,-0.033702142,9.229591837,-0.020404284
96.09,0.137126191,-0.007171024,0.012785786,-0.036093135,9.229591837,-0.029222368
96.09,0.139672948,-0.007120537,0.010288876,-0.046124936,9.229591837,-0.037173784
96.091,0.137126191,-0.014713823,0.0052443,-0.061250453,9.229591837,-0.066523252
96.092,0.144766462,-0.004475153,0.007841065,-0.071281224,9.229591837,-0.064828329
96.092,0.144766462,-0.006975422,0.002795618,-0.071123008,9.229591837,-0.065414088
96.092,0.142219705,-0.009476774,-0.002250311,-0.076058607,9.229591837,-0.072418455
96.093,0.144766462,-0.006884074,-0.002202202,-0.078446681,9.229591837,-0.070194409
96.094,0.144766462,-0.006840044,0.005487174,-0.078287249,9.229591837,-0.066485296
96.094,0.142219705,-0.004249537,0.010628793,-0.075580327,9.229591837,-0.057819939
96.094,0.144766462,-0.001660147,0.013222646,-0.072873061,9.229591837,-0.056349433
96.095,0.144766462,-0.004167044,0.015815959,-0.07271262,9.229591837,-0.058848129
96.096,0.149859977,-0.001579921,0.008219673,-0.072551938,9.229591837,-0.059351278
96.096,0.14731322,-0.001541507,0.008264584,-0.072391041,9.229591837,-0.052525213
96.096,0.149859977,-0.004051824,0.005761618,-0.067135722,9.229591837,-0.044264062
96.097,0.149859977,-0.004015723,0.005805277,-0.069521651,9.229591837,-0.047703254
96.098,0.149859977,-0.009075946,0.008395526,-0.059171853,9.229591837,-0.033423713
96.098,0.149859977,-0.009042201,0.00843786,-0.053916244,9.229591837,-0.029469301
96.098,0.149859977,-0.009009644,0.00593227,-0.046113499,9.229591837,-0.026942181
96.099,0.149859977,-0.008978274,0.008520536,-0.043405012,9.229591837,-0.030283199
96.1,0.149859977,-0.00640053,0.008560876,-0.038149455,9.229591837,-0.025519215
96.1,0.149859977,-0.008919134,0.013695066,-0.027799726,9.229591837,-0.021311937
96.1,0.149859977,-0.008891371,0.021375805,-0.01235585,9.229591837,-0.002028943
96.101,0.149859977,-0.011412397,0.026508559,0.003087849,9.229591837,0.012152819
96.102,0.149859977,-0.011387059,0.034187806,0.023625574,9.229591837,0.03790082
96.102,0.152406734,-0.013910529,0.044413528,0.036521656,9.229591837,0.060566111
96.102,0.149859977,-0.016435228,0.052091196,0.046870325,9.229591837,0.072219049
96.103,0.142219705,-0.011318427,0.047031769,0.057218665,9.229591837,0.078007845
96.104,0.142219705,-0.003655286,0.036877017,0.062472396,9.229591837,0.075165065
96.104,0.142219705,-0.003636109,0.026721452,0.057537228,9.229591837,0.063820526
96.104,0.144766462,-0.003618179,0.016565062,0.065337238,9.229591837,0.063708291
96.105,0.144766462,-0.003601499,0.006407818,0.062948244,9.229591837,0.052760319
96.106,0.152406734,-0.001038489,0.01153325,0.065652945,9.229591837,0.062387206
96.106,0.142219705,-0.003571888,0.00392148,0.063262797,9.229591837,0.051035414
96.106,0.142219705,-0.003558967,0.009045067,0.058324896,9.229591837,0.055717725
96.107,0.142219705,-0.006094876,0.011620459,0.053386336,9.229591837,0.052918249
96.108,0.142219705,-0.00608447,0.014194912,0.045899952,9.229591837,0.052732701
96.108,0.144766462,-0.006075329,0.016768425,0.038412843,9.229591837,0.0535279
96.108,3.374054598,-0.008615014,0.016793733,0.025830708,9.229591837,0.040765029
96.206,3.374054598,-0.014070622,0.051263383,0.056057736,9.324742268,0.107601903
96.206,3.374054598,-0.011588554,0.05384458,0.060921412,9.324742268,0.120809372
96.206,3.374054598,-0.009105725,0.048785387,0.055596962,9.324742268,0.118020264
96.207,3.374054598,-0.009169684,0.041180322,0.047725797,9.324742268,0.103769288
96.208,3.371507841,-0.009232866,0.036123893,0.042402227,9.324742268,0.089535214
96.208,3.374054598,-0.001652559,0.023427047,0.03453207,9.324742268,0.073368774
96.208,3.381694869,0.003380947,0.008184302,0.024115405,9.324742268,0.050707509
96.209,3.379148112,0.005867649,-0.004509818,0.016246536,9.324742268,0.034012603
96.21,3.376601355,0.008355137,-0.009560779,0.013472658,9.324742268,0.025276218
96.21,3.379148112,0.010843409,-0.012063092,0.008152446,9.324742268,0.014918783
96.21,3.379148112,0.013332488,-0.012016738,0.002833078,9.324742268,0.005200864
96.211,3.379148112,0.015822367,-0.006874462,-0.002485398,9.324742268,0.01019124
96.212,3.379148112,0.013217922,-0.001730804,-0.015444295,9.324742268,-0.002601982
96.212,3.376601355,0.005519166,0.000866961,-0.015666584,9.324742268,-0.001989579
96.212,3.379148112,0.010559098,0.003466065,-0.02352922,9.324742268,0.00487125
96.213,3.379148112,0.002861974,0.00606649,-0.033937922,9.324742268,-0.002247991
96.214,3.376601355,0.007903544,0.013762755,-0.041798365,9.324742268,0.002185597
96.214,3.371507841,0.005303226,0.006176793,-0.049657631,9.324742268,-0.011768674
96.214,3.371507841,0.010346476,0.003686666,-0.060062798,9.324742268,-0.015363987
96.215,3.371507841,0.007747843,-0.006443943,-0.062825309,9.324742268,-0.033863029
96.216,3.371507841,0.010245201,-0.016573287,-0.073227864,9.324742268,-0.046869524
96.216,3.371507841,0.010195831,-0.021606858,-0.070893404,9.324742268,-0.04602704
96.216,3.371507841,0.017790048,-0.026639163,-0.06601038,9.324742268,-0.032831352
96.217,3.371507841,0.012647253,-0.02912295,-0.073861496,9.324742268,-0.044804216
96.218,3.371507841,0.010052887,-0.026510962,-0.068975443,9.324742268,-0.044736456
96.218,3.371507841,0.012554534,-0.018803192,-0.064087792,9.324742268,-0.033934248
96.218,3.371507841,0.00996191,-0.013641408,-0.056651377,9.324742268,-0.026940656
96.219,3.371507841,0.01246532,-0.008478382,-0.051760386,9.324742268,-0.023023273
96.22,3.371507841,0.009874464,-0.008408672,-0.041773384,9.324742268,-0.018206745
96.22,3.371507841,0.009832058,-0.005790506,-0.036878844,9.324742268,-0.006363609
96.22,3.374054598,0.004695383,-0.00317115,-0.029435308,9.324742268,-0.000722507
96.221,3.371507841,-0.000440405,0.001996632,-0.021989864,9.324742268,0.002594806
96.222,3.371507841,0.004614987,0.004618317,-0.014542424,9.324742268,0.014300697
96.222,3.371507841,-0.000519015,0.007241156,-0.009640073,9.324742268,0.016757091
96.222,3.371507841,0.007085745,0.007317873,-0.007282751,9.324742268,0.024810346
96.223,3.366414326,0.001953521,0.012490222,-0.002376169,9.324742268,0.032588713
96.224,3.371507841,0.001917347,0.012569163,-1.45e-05,9.324742268,0.039944224
96.224,3.371507841,0.004429647,0.007554684,-0.007839169,9.324742268,0.029805854
96.224,3.368961083,-0.000699885,0.005088545,-0.008020156,9.324742268,0.025426514
96.225,3.371507841,-0.000733375,0.007717995,-0.008198825,9.324742268,0.031659951
96.226,3.371507841,-0.00331356,0.010348499,-0.008375135,9.324742268,0.032472893
96.226,3.366414326,-0.000797713,0.015527296,-0.003454783,9.324742268,0.039917993
96.226,3.366414326,-0.000828543,0.025801626,0.001468004,9.324742268,0.05123055
96.227,3.363867569,-0.000858469,0.018246114,0.00384617,9.324742268,0.035114855
96.228,3.366414326,0.001660084,0.003049769,0.011321128,9.324742268,0.028103295
96.228,3.363867569,0.006727128,-0.004503879,0.013704428,9.324742268,0.016753851
96.228,3.366414326,0.00669993,-0.009509364,0.016090355,9.324742268,0.011367843
96.229,3.366414326,0.006673637,-0.001777661,0.013384712,9.324742268,0.011820914
96.23,3.371507841,0.004100663,0.005954903,0.020870292,9.324742268,0.022774187
96.23,3.374054598,0.009171312,0.006046549,0.025811512,9.324742268,0.031776139
96.23,3.371507841,0.004052577,0.016328054,0.023114171,9.324742268,0.03677707
96.231,3.366414326,0.006577471,0.016421349,0.0204197,9.324742268,0.034472434
96.232,3.366414326,0.01165083,0.016515451,0.015180998,9.324742268,0.032470875
96.232,3.366414326,0.00908237,0.016610322,0.004851,9.324742268,0.022512459
96.232,3.371507841,0.006514802,0.024347712,0.002165378,9.324742268,0.022174885
96.233,3.371507841,0.006495689,0.02699134,-0.000517188,9.324742268,0.023138872
96.234,3.371507841,0.009025033,0.027088438,-0.000649545,9.324742268,0.024071006
96.234,3.379148112,0.006460099,0.009355411,-0.000778783,9.324742268,0.01199488
96.234,3.379148112,0.00899119,0.001812085,-0.013640507,9.324742268,-0.005521251
96.235,3.376601355,0.003880457,-0.008277855,-0.018857656,9.324742268,-0.02311223
96.236,3.376601355,0.008960908,-0.01581992,-0.018977328,9.324742268,-0.020167399
96.236,3.376601355,0.008947101,-0.023361398,-0.034376494,9.324742268,-0.042172939
96.236,3.376601355,0.006386602,-0.023260568,-0.047225249,9.324742268,-0.056977981
96.237,3.371507841,0.008922114,-0.033348244,-0.060070684,9.324742268,-0.081055594
96.238,3.371507841,0.006363328,-0.045982701,-0.067818516,9.324742268,-0.100226266
96.238,3.379148112,0.008900556,-0.045880422,-0.078110093,9.324742268,-0.109082238
96.238,3.371507841,0.008891102,-0.058513989,-0.083303996,9.324742268,-0.121639574
96.239,3.376601355,-0.001307774,-0.063505373,-0.088494436,9.324742268,-0.135025447
96.24,3.379148112,0.001232079,-0.063401829,-0.086040012,9.324742268,-0.130666784
96.24,3.376601355,0.001225238,-0.055656135,-0.093770576,9.324742268,-0.127891275
96.24,3.379148112,0.001219246,-0.047910099,-0.086214837,9.324742268,-0.119365504
96.241,3.379148112,-0.001333461,-0.040163751,-0.081202669,9.324742268,-0.107313168
96.242,3.379148112,-0.001337723,-0.042606149,-0.076186919,9.324742268,-0.108479247
96.242,3.379148112,-0.001341137,-0.042501046,-0.060979058,9.324742268,-0.099635844
96.242,3.376601355,-0.00389126,-0.039848459,-0.053408923,9.324742268,-0.096553398
96.243,3.371507841,-0.006440534,-0.042290179,-0.045835116,9.324742268,-0.096972615
96.244,3.376601355,-0.006441376,-0.034542679,-0.038257594,9.324742268,-0.087778124
96.244,3.374054598,-0.003893805,-0.029342292,-0.023034965,9.324742268,-0.070832739
96.244,3.379148112,-0.003892981,-0.013952725,-0.012902817,9.324742268,-0.04908328
96.245,3.371507841,-0.011534033,-0.008752084,0.002327374,9.324742268,-0.039046309
96.246,3.371507841,-0.01407912,-0.006098608,0.009920016,9.324742268,-0.033397936
96.246,3.371507841,-0.014075814,-0.0008978,0.025157891,9.324742268,-0.017455662
96.246,3.371507841,-0.016619239,-0.005885959,0.037852522,9.324742268,-0.012118015
96.247,3.371507841,-0.021709427,-0.013421332,0.053098189,9.324742268,-0.010019088
96.248,3.371507841,-0.02170366,-0.020956697,0.068347777,9.324742268,0.000384784
96.248,3.371507841,-0.021697078,-0.020850315,0.083601316,9.324742268,0.012201687
96.248,3.371507841,-0.021689689,-0.015649479,0.093764565,9.324742268,0.023817699
96.249,3.371507841,-0.026776654,-0.000259729,0.096290423,9.324742268,0.040962647
96.25,3.371507841,-0.029315259,0.007488113,0.098820283,9.324742268,0.045605216
96.25,3.366414326,-0.019115214,0.01014128,0.096259904,9.324742268,0.052284161
96.25,3.366414326,-0.021652258,0.020436036,0.098797788,9.324742268,0.062922005
96.251,3.366414326,-0.016545796,0.02818332,0.096245453,9.324742268,0.069779245
96.252,3.366414326,-0.016533708,0.030835825,0.096244293,9.324742268,0.076688786
96.252,3.371507841,-0.013973277,0.038582543,0.091152939,9.324742268,0.084291941
96.252,3.371507841,-0.011412096,0.046328911,0.086065644,9.324742268,0.086499759
96.253,3.371507841,-0.008850168,0.059169447,0.088623772,9.324742268,0.098600536
96.254,3.371507841,-0.003739928,0.061820572,0.086091715,9.324742268,0.099968917
96.254,3.366414326,-0.006271665,0.061924024,0.08356372,9.324742268,0.097614777
96.254,3.374054598,-0.00880267,0.059479753,0.073398425,9.324742268,0.085744068
96.255,3.374054598,-0.008785382,0.049393242,0.058142949,9.324742268,0.064258472
96.256,3.366414326,-0.011314936,0.03421172,0.042891568,9.324742268,0.032402235
96.256,3.371507841,-0.006201045,0.026671436,0.02255002,9.324742268,0.019026833
96.256,3.371507841,-0.003634007,0.014036101,0.004759691,9.324742268,0.00028927
96.257,3.371507841,-0.001066248,0.009041974,-0.010479408,9.324742268,-0.012843782
96.258,3.374054598,-0.001045342,-0.003594528,-0.023167276,9.324742268,-0.031679766
96.258,3.374054598,0.004071423,-0.006042607,-0.023115416,9.324742268,-0.031755247
96.258,3.371507841,0.011736465,-0.000849569,-0.025606565,9.324742268,-0.022105902
96.259,3.371507841,0.019402204,0.006890031,-0.033187888,9.324742268,-0.010369477
96.26,3.368961083,0.019425911,0.014628921,-0.040765116,9.324742268,-0.013563117
96.26,3.371507841,0.01690272,0.017272551,-0.04833828,9.324742268,-0.015331093
96.261,3.371507841,0.014380192,0.025009947,-0.055907401,9.324742268,-0.014745106
96.261,3.371507841,0.011858336,0.025104798,-0.063472426,9.324742268,-0.020995707
96.262,3.371507841,0.014432279,0.032840624,-0.06593913,9.324742268,-0.014876562
96.262,3.374054598,0.009364152,0.03548109,-0.068401784,9.324742268,-0.022035107
96.262,3.371507841,0.009391818,0.035573422,-0.070860402,9.324742268,-0.025485739
96.263,3.371507841,0.009420136,0.025475814,-0.075862103,9.324742268,-0.042756668
96.264,3.381694869,0.009449105,0.025566297,-0.070671273,9.324742268,-0.03428447
96.264,3.376601355,0.014573853,0.012919541,-0.062929301,9.324742268,-0.037649678
96.264,3.376601355,0.006961375,0.01046085,-0.052636176,9.324742268,-0.039702228
96.265,3.376601355,0.001897096,0.005453923,-0.029603386,9.324742268,-0.028474484
96.266,3.379148112,-0.000618987,0.010635038,-0.011660833,9.324742268,-0.013720014
96.266,3.376601355,-0.000586903,0.020909644,0.001191437,9.324742268,0.006304383
96.267,3.379148112,0.001993347,0.031183191,0.014047669,9.324742268,0.02353083
96.267,3.379148112,0.004574185,0.033813871,0.032002122,9.324742268,0.045055598
96.268,3.379148112,0.002060457,0.04153795,0.039772003,9.324742268,0.063233409
96.268,3.376601355,-0.000452685,0.039071841,0.047545812,9.324742268,0.070597851
96.268,3.379148112,-0.000417681,0.039151831,0.052776398,9.324742268,0.083393133
96.269,3.379148112,-0.000382118,0.031588877,0.060557992,9.324742268,0.081508353
96.27,3.371507841,-0.002893573,0.018930211,0.058154948,9.324742268,0.072518014
96.27,3.371507841,-0.002856898,0.011364852,0.060849984,9.324742268,0.068370049
96.27,3.374054598,-0.000272109,0.003798259,0.063548806,9.324742268,0.063705873
96.271,3.371507841,-0.000234363,0.001324925,0.06115715,9.324742268,0.056501076
96.272,3.374054598,-0.000196102,-0.003696962,0.061316355,9.324742268,0.045839005
96.272,3.371507841,-0.002704902,-0.003625644,0.066573516,9.324742268,0.047080359
96.273,3.371507841,-0.007760779,-0.008650198,0.06419298,9.324742268,0.035967642
96.273,3.371507841,-0.010268581,-0.00858158,0.059268972,9.324742268,0.034764227
96.274,3.374054598,-0.012775878,-0.005967051,0.05434859,9.324742268,0.034360132
96.274,3.371507841,-0.015282686,-0.003353916,0.044337564,9.324742268,0.026556077
96.274,3.371507841,-0.017789015,0.001805055,0.031783009,9.324742268,0.017969948
96.275,3.366414326,-0.020294871,0.004415344,0.03196763,9.324742268,0.019924253
96.276,3.366414326,-0.020252677,0.007024182,0.027061523,9.324742268,0.019265446
96.276,3.366414326,-0.022757594,-0.00055747,0.0221589,9.324742268,0.008627506
96.276,3.366414326,-0.025262061,-0.005593317,0.017259722,9.324742268,-0.005058329
96.277,3.368961083,-0.022670948,-0.015725148,0.014911083,9.324742268,-0.01289825
96.278,3.363867569,-0.017531817,-0.028405725,0.007471578,9.324742268,-0.027160592
96.278,3.366414326,-0.01239225,-0.035993281,0.005129659,9.324742268,-0.030326249
96.279,3.366414326,-0.009799839,-0.043582379,-0.002303226,9.324742268,-0.042899373
96.279,3.363867569,-0.004659434,-0.04607851,-0.004638614,9.324742268,-0.041901283
96.28,3.366414326,-0.004613769,-0.046028964,-0.01206505,9.324742268,-0.043928873
96.28,3.366414326,-0.00966285,-0.038339245,-0.016941202,9.324742268,-0.047717514
96.28,3.361320812,-0.012163969,-0.040840186,-0.024361387,9.324742268,-0.049090275
96.281,3.366414326,-0.019759853,-0.050984547,-0.031778502,9.324742268,-0.068125635
96.282,0.139672948,-0.012069909,-0.053488793,-0.03409836,9.324742268,-0.06802946
96.282,0.142219705,-0.014569903,-0.053447475,-0.031320991,9.324742268,-0.068555275
96.282,0.142219705,-0.019617117,-0.053407855,-0.038729202,9.324742268,-0.084079058
96.283,0.142219705,-0.019568819,-0.048275412,-0.035946027,9.324742268,-0.083508417
96.284,0.142219705,-0.006782289,-0.038050131,-0.030612887,9.324742268,-0.071899583
96.284,0.144766462,-0.001638139,-0.027826525,-0.030371204,9.324742268,-0.060953752
96.285,0.144766462,-0.001588794,-0.015057348,-0.032673906,9.324742268,-0.057274079
96.285,0.144766462,-0.00153911,-0.012478882,-0.034973907,9.324742268,-0.055429022
96.286,0.144766462,-0.001489099,-0.014996639,-0.032177004,9.324742268,-0.06072651
96.286,0.144766462,-0.00653392,-0.009874328,-0.039565999,9.324742268,-0.067560685
96.286,0.144766462,-0.009030858,-0.00984825,-0.039311058,9.324742268,-0.065476814
96.287,0.142219705,-0.008979929,-0.007276651,-0.033959382,9.324742268,-0.059726286
96.288,0.149859977,-0.008928715,-0.007254065,-0.033699506,9.324742268,-0.055291633
96.288,0.152406734,-0.006329649,-0.009780488,-0.028342981,9.324742268,-0.049340955
96.288,0.149859977,-0.001182738,-0.00721418,-0.015342741,9.324742268,-0.033314213
96.289,0.149859977,0.00141687,0.000444885,-0.015075836,9.324742268,-0.02605467
96.29,0.149859977,0.001469151,0.020838483,-0.007165317,9.324742268,-0.000385689
96.29,0.149859977,0.00406927,0.025946772,0.000747405,9.324742268,0.012646453
96.291,0.149859977,0.001574481,0.025958786,0.008662266,9.324742268,0.018440811
96.291,0.152406734,-0.003467629,0.018327262,0.008937806,9.324742268,0.010221373
96.292,0.149859977,-0.008509506,0.005599457,0.006668247,9.324742268,-0.008996433
96.292,0.152406734,-0.008456009,-0.002035604,0.001853506,9.324742268,-0.022536622
96.292,0.149859977,-0.008402293,0.005611108,0.002134912,9.324742268,-0.014907804
96.293,0.149859977,-0.00834837,0.01580329,0.007512408,9.324742268,0.008674219
96.294,0.152406734,-0.010841837,0.025993688,0.015438817,9.324742268,0.029035993
96.294,0.149859977,-0.013335114,0.036182306,0.018272702,9.324742268,0.045306144
96.294,0.14731322,-0.020923351,0.036180139,0.026202514,9.324742268,0.047850341
96.295,0.142219705,-0.020868673,0.031081725,0.029039684,9.324742268,0.042237099
96.296,0.144766462,-0.018266251,0.036170619,0.039519769,9.324742268,0.051496676
96.296,0.144766462,-0.018211239,0.04380503,0.04490709,9.324742268,0.061962023
96.297,0.142219705,-0.015608491,0.056532216,0.055390106,9.324742268,0.081997279
96.297,0.144766462,-0.015553168,0.071804922,0.058233103,9.324742268,0.101279235
96.298,0.142219705,-0.015497724,0.074339592,0.055983148,9.324742268,0.109271502
96.298,0.142219705,-0.010346999,0.069230761,0.051187314,9.324742268,0.106368484
96.298,0.142219705,-0.010291307,0.048836659,0.043845545,9.324742268,0.083897292
96.299,0.139672948,-0.007687925,0.038629877,0.033957774,9.324742268,0.066327021
96.3,0.137126191,1.07e-05,0.02587414,0.021523934,9.324742268,0.04925346
96.3,0.137126191,6.67e-05,0.01566396,0.011638208,9.324742268,0.031363903
96.3,0.137126191,0.000122815,0.020735642,0.001753398,9.324742268,0.032662932
96.301,0.139672948,0.002726576,0.018163852,-0.013224811,9.324742268,0.021371887
96.302,0.137126191,0.012973143,0.007948636,-0.025655129,9.324742268,0.008786526
96.302,0.137126191,0.007934347,-0.004815495,-0.043178977,9.324742268,-0.023567822
96.303,3.368961083,0.020728628,-0.027770298,-0.06070217,9.324742268,-0.049117817
96.964,3.368961083,0.017709835,0.007686193,-0.010046363,9.373056995,0.03068625
96.964,3.368961083,0.012659673,-0.007687662,-0.025190709,9.373056995,0.003636139
96.965,3.366414326,0.012705431,-0.030704789,-0.040337046,9.373056995,-0.025680756
96.966,3.368961083,0.007656791,-0.040987077,-0.052938273,9.373056995,-0.044521138
96.966,3.368961083,0.002608904,-0.048723528,-0.065541554,9.373056995,-0.065753677
96.966,3.366414326,0.002656893,-0.056461353,-0.075599797,9.373056995,-0.077341424
96.967,3.366414326,0.000158048,-0.061653247,-0.08566014,9.373056995,-0.088163026
96.968,3.366414326,0.002755066,-0.049015622,-0.09062835,9.373056995,-0.077878056
96.968,3.371507841,0.007900372,-0.049115529,-0.095598709,9.373056995,-0.07836206
96.968,3.371507841,0.007951222,-0.036480307,-0.095476993,9.373056995,-0.070564182
96.969,3.371507841,0.00800275,-0.021298976,-0.092810356,9.373056995,-0.058716338
96.97,3.371507841,0.005507376,-0.008666007,-0.085051689,9.373056995,-0.044704691
96.97,3.371507841,0.000465077,-0.001128625,-0.074748141,9.373056995,-0.043579004
96.97,3.379148112,0.00051855,0.008955007,-0.072088232,9.373056995,-0.033653607
96.971,3.381694869,-0.012165246,0.016490394,-0.064336358,9.373056995,-0.033737938
96.972,3.376601355,-0.007015416,0.018930332,-0.0667753,9.373056995,-0.028091866
96.972,3.379148112,-0.006960148,0.023916629,-0.059028072,9.373056995,-0.021364053
96.972,3.379148112,-0.009451881,0.02890205,-0.051283215,9.373056995,-0.016783299
96.973,3.379148112,-0.006847889,0.044075681,-0.040993623,9.373056995,0.005157594
96.974,3.371507841,-0.009338504,0.056701245,-0.030706445,9.373056995,0.021574989
96.974,3.371507841,-0.019471316,0.071873324,-0.025515942,9.373056995,0.029741274
96.974,3.374054598,-0.024508479,0.07940294,-0.015233675,9.373056995,0.0381998
96.975,3.371507841,-0.032092706,0.07929013,-0.020236637,9.373056995,0.026545666
96.976,3.371507841,-0.029486163,0.074082213,-0.027789216,9.373056995,0.017702383
96.976,3.371507841,-0.026879156,0.071421024,-0.032797159,9.373056995,0.012797073
96.976,3.368961083,-0.026819275,0.068759357,-0.037807603,9.373056995,0.002293769
96.977,3.371507841,-0.014021108,0.05590823,-0.047914791,9.373056995,-0.017232467
96.978,3.366414326,-0.013960403,0.058340326,-0.045288853,9.373056995,-0.010259307
96.978,3.363867569,-0.018994457,0.058224866,-0.050306807,9.373056995,-0.017950467
96.978,3.374054598,-0.011290279,0.060656436,-0.050233038,9.373056995,-0.006206033
96.979,3.371507841,-0.011228489,0.057993311,-0.052708903,9.373056995,-0.010524247
96.98,3.374054598,-0.013713954,0.050235544,-0.06028155,9.373056995,-0.021430317
96.98,3.371507841,-0.00855641,0.039930422,-0.067856735,9.373056995,-0.031444166
96.98,3.371507841,-0.000851012,0.021983469,-0.075434463,9.373056995,-0.045009648
96.981,3.371507841,0.006854645,0.001489242,-0.083014754,9.373056995,-0.060450176
96.982,3.379148112,0.014560539,-0.016457688,-0.085503357,9.373056995,-0.072299736
96.982,3.376601355,0.022266657,-0.024215491,-0.080353162,9.373056995,-0.063023079
96.982,3.379148112,0.017235125,-0.031973152,-0.075205523,9.373056995,-0.074609718
96.983,3.379148112,0.014751362,-0.037183343,-0.067513345,9.373056995,-0.075115299
96.984,3.376601355,0.01226779,-0.042393317,-0.054729512,9.373056995,-0.076685975
96.984,3.376601355,0.007236809,-0.042508525,-0.047042543,9.373056995,-0.073778248
96.984,3.371507841,0.002205971,-0.042623454,-0.039358191,9.373056995,-0.0678303
96.985,3.374054598,-0.007919899,-0.037643536,-0.039317821,9.373056995,-0.065308715
96.986,3.371507841,-0.010402968,-0.035210495,-0.029091567,9.373056995,-0.055661253
96.986,3.371507841,-0.012885972,-0.027682487,-0.02141506,9.373056995,-0.049070949
96.986,3.371507841,-0.010273784,-0.025248472,-0.011194056,9.373056995,-0.030822131
96.987,3.366414326,-0.015304298,-0.017719391,0.014307093,9.373056995,-0.004714263
96.988,3.366414326,-0.012692084,-0.020378741,0.029617127,9.373056995,0.008813463
96.988,3.363867569,-0.007532316,-0.020490201,0.044924567,9.373056995,0.032353054
96.988,3.366414326,-0.002372571,-0.015506432,0.060229403,9.373056995,0.055361755
96.989,3.366414326,0.000239551,-0.007974655,0.06789026,9.373056995,0.065627505
96.99,3.368961083,0.005399171,-0.000442059,0.078095677,9.373056995,0.081133174
96.99,3.366414326,-0.002179171,0.004544127,0.080657133,9.373056995,0.079986789
96.99,3.366414326,-0.004662477,0.014625726,0.085763137,9.373056995,0.090302012
96.991,3.371507841,0.000496802,0.014519224,0.088319469,9.373056995,0.09203149
96.992,3.366414326,-0.004534361,0.001677382,0.08323188,9.373056995,0.073118098
96.992,3.368961083,-0.004470555,-0.00352167,0.070500392,9.373056995,0.056413956
96.992,3.371507841,-0.006954517,-0.016361438,0.062860624,9.373056995,0.033834074
96.993,3.371507841,0.003299166,-0.026652846,0.055218337,9.373056995,0.02350572
96.994,3.371507841,0.003362322,-0.031848581,0.050120665,9.373056995,0.010645188
96.994,3.376601355,0.005972787,-0.031948624,0.050114745,9.373056995,0.008719525
96.994,3.374054598,0.008582975,-0.024405696,0.042464965,9.373056995,0.001435772
96.995,3.379148112,0.006097729,-0.006672458,0.039906963,9.373056995,0.005175356
96.996,3.379148112,0.006159739,-0.001674217,0.037346507,9.373056995,0.010169841
96.996,3.376601355,0.003673843,0.003325392,0.029689352,9.373056995,0.001158852
96.996,3.376601355,0.006282752,0.008326431,0.019482644,9.373056995,9.05e-05
96.997,3.379148112,0.003796129,0.010781673,0.011820651,9.373056995,-0.007138386
96.998,3.379148112,0.001309113,0.00304938,0.011797616,9.373056995,-0.01648811
96.998,3.371507841,-0.003725923,-0.00722866,0.016866422,9.373056995,-0.020950097
96.998,3.371507841,-0.011308986,-0.004768851,0.019385712,9.373056995,-0.025465682
96.999,3.376601355,-0.011249805,0.002787063,0.026996871,9.373056995,-0.014110759
97,3.371507841,-0.00864355,0.012891869,0.037152787,9.373056995,0.005094057
97,3.371507841,-0.013680516,0.010262049,0.039664984,9.373056995,-0.006728125
97,3.371507841,-0.013622853,0.010181208,0.047269103,9.373056995,-0.001310931
97.001,3.371507841,-0.008470565,-0.00263417,0.049776651,9.373056995,-0.002747051
97.002,3.371507841,-0.000771252,0.002383049,0.052281902,9.373056995,0.01833715
97.002,3.371507841,-0.005810379,-0.000239695,0.052237747,9.373056995,0.016444436
97.002,3.366414326,-0.00320736,0.00223393,0.054738466,9.373056995,0.018003264
97.003,3.366414326,-0.015890378,0.002162172,0.04959557,9.373056995,-0.001235624
97.004,3.366414326,-0.018383738,0.007186828,0.049544707,9.373056995,0.000998515
97.004,3.363867569,-0.013235017,0.014760677,0.049491662,9.373056995,0.01915334
97.004,3.363867569,-0.015729702,0.022336487,0.049436464,9.373056995,0.030123725
97.005,3.366414326,-0.018225062,0.022272514,0.049379117,9.373056995,0.03448862
97.006,3.366414326,-0.020721134,0.024757813,0.04422542,9.373056995,0.029907307
97.006,3.363867569,-0.015575226,0.032339668,0.041616758,9.373056995,0.038036252
97.006,3.366414326,-0.012977663,0.042470862,0.033911781,9.373056995,0.049113314
97.007,3.363867569,-0.010380866,0.044962384,0.033846133,9.373056995,0.053240992
97.008,3.371507841,-0.000142131,0.060192327,0.041419848,9.373056995,0.081933847
97.008,3.371507841,-9.45e-05,0.065235375,0.046444455,9.373056995,0.095096049
97.008,3.371507841,-4.77e-05,0.06773331,0.051467106,9.373056995,0.107159259
97.009,3.371507841,-0.005096829,0.072780664,0.048846441,9.373056995,0.104872474
97.01,3.371507841,-0.007599241,0.072735688,0.051318139,9.373056995,0.106305067
97.01,3.371507841,-0.005007348,0.067598409,0.056335113,9.373056995,0.109968289
97.011,3.371507841,-0.007511476,0.052274352,0.051161742,9.373056995,0.088734315
97.011,3.371507841,-0.010016494,0.036952566,0.056175091,9.373056995,0.077989125
97.012,3.371507841,-0.009974839,0.024180319,0.053545297,9.373056995,0.067003781
97.012,3.371507841,0.000256174,0.011410389,0.056008016,9.373056995,0.069665746
97.012,3.371507841,0.00539109,0.008831845,0.066110413,9.373056995,0.082346399
97.013,3.376601355,0.000334756,0.006255672,0.068569757,9.373056995,0.083940201
97.014,3.376601355,0.008015305,0.008776412,0.063386087,9.373056995,0.082748576
97.014,3.376601355,0.00040942,0.008752298,0.058200824,9.373056995,0.07749474
97.014,3.379148112,-0.002102316,0.011277854,0.055561134,9.373056995,0.075869232
97.015,3.379148112,-0.007162656,0.016353105,0.05037281,9.373056995,0.071500088
97.016,3.376601355,-0.00967644,0.018883545,0.047730137,9.373056995,0.069438167
97.016,3.376601355,-0.012191278,0.029058227,0.047633131,9.373056995,0.075318949
97.017,3.376601355,-0.012159601,0.026499087,0.050081847,9.373056995,0.071293346
97.017,3.371507841,-0.014676572,0.02139517,0.047434922,9.373056995,0.067896424
97.018,3.371507841,-0.014647051,0.011199208,0.049880897,9.373056995,0.065077398
97.018,3.368961083,-0.009523493,-0.001541539,0.044684179,9.373056995,0.055932335
97.018,3.371507841,-0.006948619,-0.014279806,0.036939034,9.373056995,0.039103129
97.019,3.368961083,-0.001827306,-0.029562871,0.029192627,9.373056995,0.019292261
97.02,3.363867569,0.00329288,-0.029559905,0.023992095,9.373056995,0.017438748
97.02,3.368961083,0.008411923,-0.032101719,0.028978864,9.373056995,0.025191023
97.02,3.363867569,0.005887083,-0.034641046,0.028870221,9.373056995,0.021274479
97.021,3.363867569,0.005908652,-0.032083368,0.023666186,9.373056995,0.018458719
97.022,3.366414326,0.003381456,-0.03971225,0.018461063,9.373056995,0.009103246
97.022,3.366414326,0.00085307,-0.042244151,0.018349112,9.373056995,0.00745499
97.023,3.371507841,0.003418625,-0.039679077,0.033518866,9.373056995,0.017869006
97.023,3.371507841,0.0034354,-0.034564284,0.046140496,9.373056995,0.028327202
97.024,3.371507841,0.005998519,-0.014163474,0.056214046,9.373056995,0.062963856
97.024,3.371507841,0.000917684,0.003692537,0.066286688,9.373056995,0.077588958
97.024,3.371507841,-0.001616806,0.011361972,0.073811333,9.373056995,0.080500275
97.025,3.371507841,0.000942603,0.011392112,0.073693776,9.373056995,0.08116206
97.026,3.376601355,0.006048336,0.011424718,0.068481164,9.373056995,0.081899036
97.026,3.371507841,0.011152798,0.011459798,0.07345629,9.373056995,0.08827665
97.026,3.376601355,0.011160843,-0.006333465,0.070789328,9.373056995,0.074949205
97.027,3.374054598,0.011167612,-0.016482495,0.06557458,9.373056995,0.062476481
97.028,3.379148112,0.011173095,-0.024081821,0.052717829,9.373056995,0.051180341
97.028,3.376601355,0.013724858,-0.024036954,0.044954745,9.373056995,0.054096908
97.029,3.376601355,0.013727749,-0.026536925,0.03719112,9.373056995,0.052314353
97.029,3.376601355,0.006086609,-0.029034509,0.014144241,9.373056995,0.025279777
97.03,3.376601355,0.003539326,-0.034076972,0.001285405,9.373056995,0.008786877
97.03,3.376601355,0.00099072,-0.036569797,-0.016668092,9.373056995,-0.012071075
97.03,3.376601355,-0.004106779,-0.041607519,-0.03462198,9.373056995,-0.035379128
97.031,3.379148112,-0.001562878,-0.046642904,-0.050029109,9.373056995,-0.049356907
97.032,3.376601355,-0.006663018,-0.04658146,-0.065436558,9.373056995,-0.064791485
97.032,3.376601355,-0.006669335,-0.05161225,-0.06556153,9.373056995,-0.069060296
97.032,3.379148112,-0.001581839,-0.051546273,-0.065686741,9.373056995,-0.06721111
97.033,3.371507841,-0.001590826,-0.046383558,-0.058170792,9.373056995,-0.059695914
97.034,3.371507841,0.000946431,-0.046313162,-0.055749274,9.373056995,-0.056944983
97.034,3.371507841,-0.004160365,-0.038598824,-0.055875013,9.373056995,-0.055067105
97.035,3.371507841,-0.006720918,-0.028335057,-0.05345371,9.373056995,-0.053338413
97.035,3.371507841,-0.009282804,-0.020616399,-0.051032453,9.373056995,-0.055007533
97.036,3.371507841,-0.009298461,-0.012895612,-0.048611217,9.373056995,-0.052125905
97.036,3.371507841,-0.011863044,-0.007719961,-0.046189956,9.373056995,-0.05505447
97.036,3.366414326,-0.001691089,-0.005089479,-0.041221489,9.373056995,-0.0433063
97.037,3.363867569,-0.001710785,-0.002456932,-0.031158662,9.373056995,-0.036052437
97.038,3.361320812,-0.00173183,0.000177668,-0.021095693,9.373056995,-0.0327526
97.038,3.366414326,-0.001754226,0.00790879,-0.01103253,9.373056995,-0.017582927
97.038,3.371507841,-0.001777965,0.01818914,-0.003516264,9.373056995,0.000696952
97.039,0.152406734,0.000744521,0.018282398,0.001453154,9.373056995,0.003639146
97.04,0.144766462,-0.006924645,0.015830306,0.001328621,9.373056995,-0.000802429
97.04,0.142219705,-0.004404866,0.018474616,0.001204417,9.373056995,0.008357116
97.041,0.144766462,-0.00188643,0.016026249,0.003627731,9.373056995,0.00764445
97.041,0.144766462,0.003178226,0.013579679,0.000957201,9.373056995,0.012710839
97.042,0.144766462,0.003146384,0.011134882,0.003381376,9.373056995,0.012246749
97.042,0.142219705,0.000565648,0.008691821,0.003258912,9.373056995,0.004282311
97.042,0.142219705,0.000531158,0.001155951,0.000589844,9.373056995,-0.009547439
97.043,0.142219705,-0.00205225,-0.003831004,-0.004625793,9.373056995,-0.018459993
97.044,0.144766462,-0.00718454,-0.006269077,-0.007293704,9.373056995,-0.031425846
97.044,0.149859977,-0.002127846,-0.011252818,-0.002319585,9.373056995,-0.026400308
97.044,0.149859977,0.002927548,-0.006045969,-0.004986134,9.373056995,-0.021961748
97.045,0.152406734,0.000338926,-0.008479369,-1.06e-05,9.373056995,-0.020245877
97.046,0.149859977,0.005391729,-0.003269495,-0.000128471,9.373056995,-0.006272765
97.046,0.152406734,0.007895668,-0.003152679,-0.005339806,9.373056995,-0.008348654
97.047,0.144766462,0.007850755,-0.003034425,-0.008003158,9.373056995,-0.010467788
97.047,0.142219705,0.002709397,-0.0029148,-0.008118501,9.373056995,-0.007013086
97.048,0.149859977,0.002661914,-0.012982905,-0.008232926,9.373056995,-0.014650447
97.048,0.144766462,6.56e-05,-0.015407995,0.00438922,9.373056995,-0.009318023
97.048,0.142219705,1.56e-05,-0.015284633,0.001729584,9.373056995,-0.012163479
97.049,0.137126191,-3.57e-05,-0.00497109,0.001618082,9.373056995,-0.007878893
97.05,0.139672948,-0.002635828,0.002796304,0.006601871,9.373056995,-0.001256887
97.05,0.142219705,-0.002689617,0.002922972,0.009039603,9.373056995,-0.002659032
97.05,0.139672948,-0.00274463,0.008145178,0.003837032,9.373056995,-0.006468294
97.051,0.134579434,0.004841852,0.015915605,0.006276948,9.373056995,0.00290785
97.052,0.137126191,0.007331968,0.01095064,0.011265123,9.373056995,0.007311626
97.052,0.137126191,0.01236847,0.013628325,0.008613099,9.373056995,0.015671808
97.053,0.137126191,0.01740378,0.011212331,0.00596229,9.373056995,0.017977965
97.053,0.144766462,0.0147952,0.021533442,0.013501232,9.373056995,0.033057904
97.054,0.144766462,0.017280594,0.029308047,0.015947221,9.373056995,0.039825287
97.054,0.144766462,0.014669671,0.0294416,0.020941657,9.373056995,0.034559123
97.054,0.144766462,0.014605178,0.034670347,0.015748933,9.373056995,0.032469378
97.055,0.144766462,0.009444402,0.039899723,0.013104702,9.373056995,0.037402108
97.056,0.144766462,0.009377644,0.047676922,0.005367635,9.373056995,0.044143678
97.056,0.142219705,0.011857341,0.050360132,-0.010009384,9.373056995,0.043952962
97.056,0.149859977,0.016883521,0.042854782,-0.020290696,9.373056995,0.042516252
97.057,0.152406734,0.016813475,0.032802572,-0.040759039,9.373056995,0.026130729
97.058,0.149859977,0.016742385,0.020203472,-0.051037349,9.373056995,0.007616379
97.058,0.152406734,0.016670254,0.005057419,-0.058766995,9.373056995,-0.010024917
97.058,0.14731322,0.016597074,-0.007541121,-0.06649509,9.373056995,-0.031927571
97.059,0.149859977,0.013975289,-0.012497672,-0.076768712,9.373056995,-0.044388945
97.06,0.149859977,0.011352494,-0.012359518,-0.076852195,9.373056995,-0.046580892
97.06,0.152406734,0.016371416,-0.009673981,-0.076934016,9.373056995,-0.036105371
97.06,3.381694869,0.013746626,-0.009535628,-0.077014134,9.373056995,-0.036421055
